85.2911015453
82.4840014049
84.4522746325
80.9360962918
85.1335254969
86.4475995898
85.9658977820
84.4944821965
82.1988545034
80.2331969695
82.0287599494
84.1858057041
84.6410471208
79.3688620103
82.8688730591
82.0159496761
84.0902034502
85.3987092862
78.4368362604
80.6072053869
81.0301425451
77.9717082309
82.7969183208
82.9176601628
84.4398572600
76.4705585779
79.0797661889
82.6913928169
84.5918017730
84.8822693757
83.0315466648
82.5485080962
85.1690254743
83.5318872526
85.2340751833
84.3740679679
83.9001745432
88.0974316760
79.8925968890
79.8990025048
81.0545270576
84.6935311110
83.3631815346
83.2516318892
75.3880261533
86.4878063461
77.0872633407
83.6396774072
84.0569633827
82.4466126095
81.3358252250
83.9765319883
81.6362539109
80.8854819440
85.0824962134
75.6814986071
81.2376085099
82.8654499317
77.0897528964
78.5176806315
80.7498589261
81.7987903844
79.3951519082
81.2577833829
83.1817876636
82.5291908778
83.4052222943
83.7960086759
81.1806111673
81.9716355019
77.8954891403
82.8088260145
84.5853297308
88.7611145617
77.6783446297
81.1067095856
83.7259444652
83.1688573752
85.6682964432
83.3954563167
82.7915148283
80.8399699077
84.3942356795
80.0892697697
84.1417234262
81.0986793730
83.4126058268
84.0729522206
86.3173318406
72.7915042739
83.8651600547
76.5483083046
81.9390303486
83.3676793561
76.2938101899
82.4839798656
75.7840916986
82.4034182815
81.9031383149
82.7101086088
74.7124279052
83.5668597797
82.9310550749
75.5926208869
82.5239237250
79.6603792825
78.1645604001
82.2044593199
85.0748107555
84.0754055419
83.7061300607
78.9815715094
85.4846666108
74.1831735978
77.6858239382
79.2123638409
82.9883352834
79.8130069371
76.6008317475
87.6040962291
74.7955341604
81.8186069555
80.5209561536
78.4168262314
82.6883230083
83.8253093946
85.2424278210
80.9800964275
83.3915184907
84.2564647777
79.5507978015
84.6774585714
84.7922314864
82.3215440353
76.5605621817
84.1106694486
84.0891488856
83.4742388163
82.6193556757
84.3674542376
84.2547417681
82.7331227406
81.2746080968
81.3256753304
81.8047823990
88.2881596845
71.8743634176
80.0199441432
86.5131423175
81.7377824135
82.0088649429
83.8230829711
83.0760512737
84.4301605686
82.7290232287
87.4359732759
82.4551086788
82.9753537161
78.9623303255
80.8188933779
81.5343182513
80.2610143248
82.9423216691
83.7660356394
85.6859905005
80.9055218785
83.5751218906
81.5386581511
85.4105397297
74.0367435662
80.1366339861
82.6961514759
81.6779798983
79.4384157327
81.8216040583
76.9366991762
79.5246269954
81.4365593982
77.7830114048
82.0739641576
86.8878459749
79.6864908617
85.8429386984
82.1108804101
84.9944746179
83.4799624006
83.4117286021
83.9461310606
76.5594520071
83.3178952805
86.5563108091
78.5720282150
81.4847855714
79.0652300669
78.4367697021
81.8178881926
88.3049212270
74.9948415548
84.2715081674
82.5360463016
82.7327583069
84.5575520616
86.3582351519
84.0296494173
82.3747796296
82.8410601348
83.7746188837
80.9843487053
84.3035049894
84.2781206981
77.1053060339
73.4919526450
78.2014919462
83.2370595890
85.0316402449
79.4201756455
84.2596905745
82.5796280444
84.0843203022
83.0738274130
82.8332346826
84.4587268334
82.4495563589
83.7946082003
72.1356153165
81.7606734785
82.3290357089
82.5761407266
76.8492838273
81.7892266595
83.3840835246
78.4469258787
78.5871408775
83.2258851127
80.9309730012
82.4873290684
84.3782786132
83.0035953707
80.1926934630
84.3679861999
79.6288236294
81.3555933633
81.1652619331
76.3203556454
80.1101385031
83.7329187748
84.1544266946
78.6216291914
82.8667727862
80.5515616884
81.1791101027
80.4378383587
82.4864075181
81.1887264324
82.5347145982
82.2948861062
79.8602659402
82.4148089730
79.8136932747
84.0912714026
82.5238350623
82.9574918805
80.1296976927
84.9139160644
84.1105789471
82.2609192541
82.1341981694
83.2605652108
84.4978108035
79.7991310876
80.4473856909
83.8784044899
83.7192334630
81.1426650648
82.8751188209
81.3933542706
77.9828179508
83.2272408588
87.7033220079
84.6307680043
84.8497123484
83.9998274960
81.2097604739
80.1233017722
78.3856493792
80.5477461843
83.9265883846
83.1540031625
80.0011225136
85.2921272336
82.2284208217
81.7017705917
83.6068450565
82.4954632626
84.3925317345
82.4368793758
76.9852291792
82.0696016134
81.9452833423
85.9466530535
82.4617993018
80.2494541880
82.1226686373
86.5539194822
82.2198222085
73.7484831033
84.7923514913
82.9051281359
83.3839633319
83.3231116293
80.3710282049
80.1860073621
84.6808267556
81.6082352624
79.3361980083
76.5188135446
83.8451558049
82.9421937057
82.2479529841
78.4952317890
78.7915103969
84.0672734114
81.2618812448
82.6432327921
87.7164208541
84.0501310204
89.5521463329
84.8792135136
84.6790864065
81.8699002868
83.5979625201
80.0025892356
79.9118853243
82.6825850487
84.7176957128
77.2511946745
78.5876886350
79.0577968745
86.5918424333
85.3845482497
86.6545978455
79.9886018786
82.8550095493
83.5076825495
77.9895169811
80.2494260348
82.8420479815
81.3124191236
83.7152836050
83.9490830880
82.0510128983
81.6187633097
81.8897014672
84.0872816386
85.1603363416
83.6167146487
82.1020343262
84.2655982092
82.6591035765
83.8717308475
79.6438464729
85.5822049760
84.2735184385
83.1082157837
78.3468270809
83.5946263141
82.1190858434
82.8842949348
85.7325643643
75.1755888834
79.4721392674
83.1842160848
86.4207023345
78.9162561284
78.1189002121
84.7971760330
85.8492856295
79.2349120035
86.1067382708
82.4731140299
83.8477688464
82.4168317671
82.5423504802
83.8727508270
83.3121665354
80.6534145022
82.8543228017
85.4986381124
87.4171076343
82.7249119228
84.4906214140
78.9032477032
83.2487201249
85.7264815702
84.2746978678
86.7428400782
82.5189079127
80.2187493522
84.0145149458
84.4259334929
84.0843142948
80.7246749405
79.6376409885
77.3900898669
83.2271300278
75.4834387507
84.2298719680
84.4854739713
80.1380610076
72.9665065288
77.6519115809
84.3696302014
82.9333759442
87.2847135338
77.8645358636
80.1787710716
83.8878117341
83.2854032259
81.8410829663
82.7364062958
83.5008592132
83.9892122511
82.8827377594
74.4114275989
85.0269004399
80.1028855650
82.0740102038
81.6276448820
81.9204451273
86.6138758265
80.7032558482
84.1279666216
83.6291003273
85.2137623797
75.9058390176
86.5591506380
78.6898714592
83.7014381739
82.5229868747
80.6631163558
79.6433340875
81.0557340870
81.2639615002
82.1515678467
82.9018272981
83.3026162391
85.1234730014
82.9829193379
78.6304981413
81.3597807017
80.8420461850
83.9885202040
85.4840783184
87.1945711719
85.9510341974
81.9717672241
82.6080585116
85.0858101700
81.1246960884
82.7293167877
83.3737878881
84.4480571469
82.5060269874
85.0686565014
81.7574211463
84.7062411629
80.9223694663
82.4899531836
82.7423329829
82.5427802715
77.2979463607
81.2901338074
80.4505136466
81.1062741157
85.1685767551
85.1501072467
80.8901764077
84.4916220702
79.9233510800
82.6930314807
82.6302704580
82.9100535535
81.2983808229
83.7915113683
77.8203051645
84.6740641338
82.8681926650
79.9314127723
76.7315010096
81.1431182785
83.9313689416
80.6344496609
84.6379456214
73.5156062786
82.6930066178
83.3659625451
85.1961234372
79.8528570455
86.0665354418
73.6266667017
84.0523240053
83.0098612546
82.4448074453
85.0038749161
80.3057987842
73.2324747757
84.4535750843
82.9741164075
81.0764023163
83.5417214296
80.8397535125
79.9222473095
81.5586735588
76.3097564736
81.9081703762
82.2453994523
80.3174143734
79.5831093814
84.4894721370
83.8385060789
84.7443824249
81.7991326252
83.8722025230
78.8412476802
83.2920702654
86.1604275265
84.2066149855
80.5999305539
80.3156261355
77.2039810150
83.3358693047
79.4533551486
84.3116026682
76.0044823243
83.1764926983
81.3171254890
82.9418404508
85.0835818602
85.7327979466
83.7044867351
84.8046470679
84.4700506980
77.6175954738
81.2001724299
78.9650900192
83.3065977752
86.7901470913
82.1982455346
82.1432928337
84.0740650450
83.9746046931
85.3525363215
87.3004913699
81.5809340964
84.6762245865
83.7897092841
83.1133385547
83.2053495629
80.2899098288
81.2843346562
82.8208747060
79.4576706435
81.5536105367
80.6327528078
82.9932266259
80.3545655960
84.9469401102
85.4815848167
76.7729606263
82.7218921573
80.2806847434
79.1978706503
85.0763079810
85.0791404866
75.9456877513
86.6001724791
84.3532432812
78.6061739586
81.8224809191
80.1907003831
76.4948583515
80.2408381203
82.5085078540
82.9334005019
84.6465875223
84.4630648868
84.2862925658
82.9338499170
80.3001520030
86.4549805326
82.9825130052
77.6141611933
86.3430423559
70.3329788661
84.1256258912
73.0287869178
81.2632993195
81.0355817197
75.8341190424
86.8501330281
81.5518150792
83.0715372246
84.4862047066
82.3929963746
79.9348821370
77.9509173700
80.6645303410
83.5566752738
86.4286278308
83.7669817379
81.4803868473
81.6801173651
86.8898697086
87.3208996518
85.7144045708
83.5611341677
83.2704342747
81.7767355418
83.4145421506
81.6064737878
83.7549629459
80.4224137894
82.7543755707
83.4571256638
83.4367106774
77.2222976674
85.9263921962
85.7482887449
79.1491883169
82.8896008224
85.1485710460
82.2126987245
83.6865236353
79.0579457917
81.5550661640
82.7632374077
86.3359686255
76.8713907464
84.2945244016
83.4923646033
82.6407587675
78.1531226542
83.5574001337
80.1385628321
83.4772361770
79.6627598738
83.0168098407
74.1895741248
83.2167941767
84.7398039323
85.8026731038
86.9184846820
83.9111818445
79.1715807816
80.6166879499
86.1070856496
86.4789875818
86.5197155758
82.4860225261
85.2463763607
73.4956804365
75.4013393588
81.4147377901
85.1416438966
82.4271261704
79.1730618913
74.9575006165
78.7484541717
74.3908768580
83.6509603221
81.8437621014
82.3446970365
81.0021551945
81.3345938048
81.6996918690
73.8759686818
83.6487647812
82.0075350991
81.7981168220
84.2756216214
85.5906051588
83.7138743914
79.2549371937
81.5925372321
83.0131785830
84.5919272870
84.4146398469
80.8742012613
78.0974582805
78.3550537169
82.5621395957
79.9300582266
74.0665306202
82.9195397853
81.5359922302
83.0816890917
88.8528203896
83.1250938505
84.0813347492
78.2016431070
83.7905447197
82.1405317538
82.7003986646
80.4634986747
84.2600673589
83.1964814302
82.1910589864
76.1916100423
82.2979395429
84.9015151830
82.1005687342
82.8530244579
81.5683470887
83.8320210982
84.1603770858
83.3767447405
85.3989437249
85.9808445104
81.5470327987
82.5852077806
83.9173493859
84.5670399674
82.9201449659
83.0217192645
79.0201017709
80.2929378377
86.9901029526
85.4511791382
82.1622403678
74.6987312412
80.8699389262
79.7456639863
80.0958967390
84.0837488022
82.7635540107
82.3029900116
82.5570389945
84.8146597442
83.3055999373
81.1338054590
82.7224427716
73.3617553401
83.5638060863
78.9448198614
82.0435964117
81.1457643438
80.6487304291
75.2254244585
81.0898930722
81.2383873039
83.1634776094
77.3711804632
79.7983098399
83.5833147111
84.9250605542
80.8463342054
84.9695379847
82.8486141915
82.3086529186
84.0818791752
84.1173641135
83.8114304922
75.3979462571
82.3646225426
83.9299034423
80.0878123446
84.4045609642
86.1596127530
83.7527835399
85.0172663139
83.7623015942
83.1481079414
75.6659597757
83.6602236311
81.8316045519
85.5962270867
76.2789829982
85.5489200801
82.0827660622
78.7204572984
80.7213507704
82.6471022032
75.3688795290
85.2478953704
82.6732152837
84.2027886696
82.6392082163
86.5834764707
80.5679097970
82.5576314547
82.9496268844
86.1829408170
81.7731071280
82.4223713298
86.7557021931
81.8519299667
84.2673096083
84.9837636957
82.7839771400
85.1350633134
85.0329532806
79.1627872880
84.2554458609
83.6456156015
89.1740845233
77.1856585591
83.3097361633
80.8787535274
84.2669122167
83.6235158835
85.6490364536
72.1063238861
80.6486401031
82.5162402880
85.7056821182
86.5431088656
79.2640409724
83.4346810606
80.8087849475
86.1556736683
83.4005318335
82.7430286176
84.1223402438
86.5180532258
86.2371333903
84.5688834733
76.2545940251
81.1147655357
82.4815306753
85.3012848011
81.6697169105
79.6219357413
81.3082264229
79.6782087848
84.3050291614
74.4006021126
84.7091040478
81.9852851056
84.7596715109
80.5305535360
80.1494133479
81.8880987534
81.5889776048
83.3597393757
84.7762359942
84.7648992201
81.5978750923
84.3952066679
81.4897428388
82.1279152358
84.8815107626
84.2422976581
81.4274935929
82.9816853986
74.4052745129
82.6140710072
80.1908204185
79.0354739917
85.3857682248
82.3831566250
81.9218438517
82.7697038578
84.4469683250
82.9472170255
76.0402332530
81.6967492796
83.2787788802
85.1109329446
84.7689349116
81.9811720022
80.9236088709
84.5403405831
82.9501000463
81.9828092544
83.0062797666
78.1026658884
82.6162087134
84.4257253922
82.1234618604
84.0373312166
81.0768389727
83.5224997966
83.7775187140
81.3722931558
86.8290581273
81.7507698567
84.2127748384
79.1053751834
80.7540953985
79.6188491701
84.8707494014
83.1299388612
84.3536842625
83.3117468965
83.5093359003
81.4281756995
77.8915454990
79.1626545447
81.2325385707
84.8225063252
85.1572025659
84.6087293923
83.0268541038
83.6586971900
82.3679105059
82.1349813400
83.4147500089
82.1946340950
84.7118524493
81.3587311154
82.5191752852
84.5741319564
87.0465621133
83.8843024753
81.0317829798
84.5489620985
83.2018550891
82.7947919543
75.7528304512
81.6169821312
84.7311203465
81.9993137879
81.5426723368
81.0927134918
83.2507120231
80.7648485223
83.6715038703
81.0285009285
79.9372488967
84.7564940724
79.1988416908
83.3871492422
77.6786097958
84.9724031666
83.8136939489
81.5936996136
82.7959654730
79.3749625334
80.8775577760
85.2797421379
84.9735111507
86.2169537570
77.1170190040
84.1766769777
82.0100933279
80.3033431637
83.8785232092
82.6830841310
77.1569006801
83.9400065598
84.9675667948
84.3627743274
79.7051395388
84.4787058180
83.1606010980
83.6625129753
83.6702933642
83.3474770291
77.2572582197
82.1846592362
82.8608901271
82.2478211999
82.2043253894
81.3659795047
80.8046755857
75.2073933899
85.9941150550
82.0733299641
83.9878443352
78.9092926883
80.0147471325
83.8368033805
81.1858693770
81.0243917077
80.4384707360
78.2896269801
87.3074063438
85.1802312417
85.6045770034
84.3800568184
84.4227947724
84.4481270341
84.7407006975
82.6291962115
78.7250763163
82.9822231487
84.5254163832
80.5638787418
81.2087746951
84.2441053892
84.1429873796
83.1834032277
82.4530026933
81.0741313545
87.0816563050
82.4296325697
84.0802568407
79.9530294013
74.1559990484
84.4776616860
76.6962272217
84.0306787227
84.3375991840
84.0623805451
87.1665400395
83.4746101876
82.9723419580
80.9011435902
74.9751834821
83.8212314430
82.3508000176
78.1886529522
83.7359625834
86.9941074922
76.5536983040
84.1199442776
81.9168950137
83.4286589140
81.3430096271
82.5780562508
84.2617306145
79.3998872711
86.5718710310
82.6783905497
83.2039628232
79.4823125956
82.8581247764
78.7192175626
83.6492443179
85.2134953856
85.2896015890
80.3271042468
83.1196191314
81.0000728148
84.4935182840
84.0966169980
85.2858947418
83.7632805420
80.6698784098
74.3086821935
81.0018562858
81.6003135957
85.1241588338
83.2800985236
78.1802373467
86.1805850070
84.8035248985
83.6791149478
79.7290512462
81.9561991562
80.5489967872
84.2447502899
85.2794364611
84.5773802565
85.8497531829
85.3226914783
84.6656067704
83.7358975135
88.9986689541
84.7416371957
84.4667136195
79.0855043746
82.2416197996
81.5369150939
82.8880349595
85.2917092748
86.6094233459
84.6482607571
86.0307574383
85.6126600460
80.6134647149
79.1391199266
83.5988185611
81.6248926909
80.6594382378
83.3606498670
74.5590547306
83.4799320201
80.6244434426
83.4841233350
83.7279328510
82.4197949085
83.8963080106
83.1798119979
76.2282423345
80.7717866111
80.6832573108
81.2009675713
85.3001608433
82.7312909258
83.4543156797
82.5259746160
82.5912182930
83.3372578961
83.7450575168
83.6112176383
82.0257075791
82.7003790601
86.0682367716
82.2333622364
80.8659193935
82.4263146740
84.8209860738
86.0624293272
84.0040577097
80.9000243836
83.1378681731
84.2502706055
80.8935656235
82.6129359898
81.0652835193
85.0892939791
76.6230831338
77.3060245164
79.6838699096
81.2100034561
86.6656501787
84.1145244075
81.4685888270
85.6548410433
83.1764926983
82.9544641568
83.5001098796
71.4236689174
81.0047370938
72.7100192859
83.8169103715
84.7107787180
82.3155211566
82.5375549469
84.4848309659
82.9845440022
74.8253566440
84.8958163282
83.1843822618
83.6860774200
81.3672498157
82.0359088540
83.5058154262
76.1038941427
81.8943398554
79.1245561881
79.7214031575
82.6246218945
82.8517391491
83.0955910540
80.8359556100
82.1449571507
80.0968826473
81.0567569285
82.8261617495
74.9318455422
85.4847396754
82.9134047674
84.2651231771
83.0091949249
85.5433320058
86.7135656477
82.6836108074
85.6486855611
75.2576698429
87.7765546908
82.1165006386
84.3698303650
85.9061406549
84.1555248957
83.3303282835
82.8588706333
77.9226936478
78.0165975015
81.7398537350
83.2572178090
83.5453936343
82.6351904616
81.9920064615
83.7821232972
82.2498647697
75.0654262326
81.6234626882
79.6400917281
75.4349370587
81.6155555484
83.7940840199
80.3304956073
82.5242320404
83.5892248816
76.4748464890
83.3445668257
82.6241978064
83.6422542132
82.1039280720
83.8571188618
82.0578065181
82.4114911100
82.4756673171
85.9399544826
82.4514722719
79.9758917371
85.9188502208
82.9848520374
84.0875870476
84.2825241690
85.3002633864
77.5875386481
80.2917142970
82.0619852313
80.7764743315
81.1793815194
80.3973094733
84.5647495224
81.9713564304
74.3159403604
82.9169307558
86.4622590076
82.5141956133
82.9694422404
85.1001561732
80.9719468141
72.3093021962
84.0532637343
80.4252788182
83.7990327473
82.6567301994
83.6822217855
78.1407707056
85.8151101467
80.9009724798
80.5313547646
84.8714604250
76.7450662384
79.4708945758
78.9012556784
81.5525078390
85.3206928615
77.7841451256
83.8595890827
82.9846108037
83.3679409686
78.9768409535
84.6751697725
83.4262271012
83.1841137364
83.0088003061
84.2764521501
74.5314166439
80.7100520763
79.3441529047
83.2885966985
86.7434997806
84.0365610364
74.7416039109
79.6530095858
84.3372106380
83.4159835632
83.3314599968
85.2677615418
83.0783475714
79.8078945755
79.7890824575
81.4267435960
84.4554557612
83.7056668897
81.5977266020
84.4008158730
83.5598106252
81.1222791517
85.4499058003
85.9691976078
84.6976043478
80.1321816211
74.4888673922
85.3779638537
82.7226054514
84.0780998668
83.7409571813
84.0979739022
82.0185170440
80.5443988670
81.6402022073
82.5168699349
74.7365116820
80.6124761865
83.8016381778
86.5344245839
84.7002284999
83.5854844601
82.3929004476
71.3094782446
82.9377424036
84.7628699414
85.4285895282
85.4087053475
83.8799279030
83.0982299640
75.2059055484
85.4830135154
78.3831981457
80.7306028966
84.7879930510
81.0706778331
77.4974108010
78.7534925950
81.1840029210
82.6122586670
78.5556365728
81.9527223752
82.3920518545
82.0777155967
81.4064669988
81.2596595298
79.9000321321
84.4845544016
85.8622085421
81.4734167674
82.1874595706
80.8241019388
82.9769988440
82.8448636828
80.6374931752
81.9693189118
83.2781137951
79.5195508341
80.9783756406
74.5618677835
82.4154581635
82.7901935255
77.4765370413
83.0023782161
82.8428778509
83.1488608589
85.9533114604
84.8724803083
84.6900298906
80.7870617466
79.1648417161
83.9125217316
81.6563750985
83.4472272418
83.3477968687
82.0410229343
84.6983677428
84.4469708145
84.1753947047
82.9260125077
85.5376120692
83.9134399241
78.6255914772
85.1059834239
76.9482938192
78.7847660398
86.0616915843
83.9544056709
80.6383034161
82.5451826692
81.5666914702
81.3354415738
83.4270040198
83.5324662969
81.9089987890
75.3999626032
80.9861134665
82.8976568103
87.5857513149
85.4685808213
88.3649291592
77.4549067336
82.2426894258
78.2601380047
85.1904391287
83.9732884198
82.2177825762
83.1076808690
83.9531312909
75.8592377957
80.5942455408
77.6662844989
85.4924700015
85.6661614265
85.0399743473
83.8403306413
82.9152386408
71.3845948479
81.9937511135
86.2231870474
80.9434333359
84.5358541221
73.3672670296
79.8540514487
77.2893118346
83.7598588119
82.3617782274
82.5560682141
82.0781999405
83.2673418915
82.1227862242
85.2188286508
83.9153244938
77.9066368514
84.3282224083
82.6211779848
82.0536843048
87.6175417521
71.4726981845
85.4518310182
83.2113532639
82.8221368939
80.7809489620
80.8722307143
84.5893826342
83.7650407885
85.3105103604
81.3811220896
75.7676100630
82.4496752223
83.6772193204
82.3725598267
80.9929613154
82.7411883795
84.5748735356
84.8777820004
80.6757369980
81.4558207216
83.7764789943
81.4368519955
83.0245514216
79.8394666045
82.6387981650
82.8141884181
82.4195561508
84.6929585557
80.9852465566
83.9061133460
83.7085748490
72.2495259663
82.1606354995
84.7406879075
81.0973651760
81.2777246802
83.2479360632
81.4822826006
84.4549955226
83.4406754899
88.5215966115
79.8880656621
86.5787944263
81.8114843708
84.1770329678
86.5778810247
83.8494842735
84.4091647061
81.6497283199
85.0188857489
77.9644120677
83.3184454902
80.8790414411
85.0744448378
84.0278691806
86.7185331172
84.7728138109
82.2018960672
85.7051521427
74.8303590755
81.1257059932
81.6138244326
80.6594015218
76.7515121232
81.9610304453
80.7103764411
81.9888314867
80.4104662502
82.7488069361
83.3280449382
81.3525830832
81.7190257594
86.0367801953
81.6267345087
85.0701480518
82.4794753012
84.8841213678
78.3527143848
84.2711570269
85.2770425328
85.0270994867
87.8629048216
80.8508298469
84.5236297698
85.4818484991
85.6467056365
83.7690926511
83.9612726223
81.9272677048
86.2011887528
82.3071367790
80.9098250817
79.1194702394
83.9942122263
81.8383466973
75.9131911277
82.6518691108
81.4000029586
83.6989912091
79.2170680488
81.8150603912
74.5769284976
83.1228515580
81.9084232905
72.6480122309
82.8874690131
78.0037396340
86.2451074369
85.5599115413
84.3731998038
83.5215353097
80.6056220300
84.4208944099
84.4091412619
78.5164212153
85.3965178664
85.1826325687
81.1797559355
82.5763615728
79.6228040639
83.2272474305
78.2651124598
86.3359636008
82.4693677663
86.3288290558
81.2843544785
71.2527943988
83.3352357520
82.0841880625
75.0349403750
83.6474807952
84.4739168156
89.3432533696
84.3655433062
77.4083327654
75.7510285799
83.1158472892
81.4526604843
86.2091628389
83.1470452641
77.4562316024
85.3921674264
81.1815942442
77.5524530824
80.3679949876
82.5133228431
81.2065576576
84.4425889045
83.3249913554
82.1464082886
77.0921819074
81.6111911320
83.3305509933
83.1074668693
82.9646066462
84.0588083944
83.8133777841
78.5052856501
82.6982103071
80.5034151210
84.6288975358
80.5137250196
82.6768326346
84.3144460143
81.1613240572
84.3606383428
85.3117991275
83.5895143840
82.8026549235
82.8512282850
82.2993486064
82.5275496308
75.3021744892
84.1110442730
83.7088539401
79.8508678589
83.0749745022
84.6791135530
85.9620888908
84.9863834402
81.3095973981
84.4851080784
83.4552306094
82.6459809391
82.1557140666
85.9544235228
84.6290796909
85.4793366123
82.2944660261
86.0697379920
77.8147849042
84.4370292693
81.3680198174
83.6095106939
80.2464936214
82.1708635262
82.2126593729
84.9838660546
82.6505906652
81.9672313759
85.1089070469
83.5612702073
78.4263868194
85.2532444354
80.1842995281
81.6832042542
81.4106006504
82.9067802779
77.8155627249
83.5690379836
82.1014901424
83.2936460002
78.8433509893
80.2580777518
84.8872793500
82.9271966181
79.7410391840
81.8368194083
86.9322873680
82.7675827749
84.1705183182
73.2615414814
86.0091478254
83.6690684308
79.2072019434
80.0646904982
81.7861476260
79.7490426752
78.6543848441
80.0193705560
82.1960339724
83.7145571584
84.7429589037
84.7650842630
81.7391244348
82.1736905337
83.3164346700
83.0692214940
86.2457462427
74.5080385441
80.7577320318
82.5415728690
85.1087122420
81.1342880100
86.0328128732
85.4453177711
76.9689279970
79.4506709607
79.4305504358
82.0018285930
81.8597262056
84.1003788496
81.1871334800
83.7850252398
78.3287192069
82.9596626561
81.9960355230
78.5581969708
74.8545769362
84.1748921149
82.9312683033
83.6208268604
82.8789653209
84.5531425525
84.3177671360
82.5405771378
81.6084603398
84.4790486420
84.5791259083
85.7770037414
84.0383950226
86.5110888635
78.5951227812
85.9297656616
81.1693965736
81.0352804037
78.0585469636
84.1668351352
83.8235722556
80.0167858936
83.3662393091
78.5745021379
81.3157839238
83.4158865061
85.0623382374
81.2076810205
84.9815961860
85.7832581458
82.1942618685
85.8889952157
75.6464534918
83.9132118632
82.5832424537
78.2239710612
79.9080343738
79.6854178414
79.1392891004
84.0708696956
81.5047325224
82.0391438331
82.4086998667
85.5216542974
85.7683300885
82.2022928910
81.5637786991
78.8916269006
83.6162906093
76.2141627841
85.0747085548
81.3176888607
81.1155915362
82.4076116798
79.2110182474
79.6620927474
82.2857423723
83.5112936669
83.1265072351
83.9212419433
80.0300689367
77.6413530320
82.6360685361
81.1391146519
80.9492502225
82.5133459128
82.3370685749
83.0627766251
80.9289858001
69.4389239444
86.5060116935
77.8586038665
82.0679588167
81.6843318965
80.7948166031
83.3190912207
82.5359241687
83.9377640426
83.2009621929
82.4690602929
85.8060547239
83.1505291805
80.8792322168
78.5578379262
87.4667699035
82.0830310302
85.3403502554
83.5128927176
80.3898503224
80.6961608403
82.1924529464
82.6475982060
81.7953696570
81.4847417073
81.4743586841
78.3021708182
84.5864393641
77.7899887567
81.0668013660
81.6810884315
81.0131519303
82.4202443093
85.3353917091
81.5474454641
83.2488490930
83.1255720337
82.7558994313
81.0085841052
80.9827487928
81.8834086173
83.2466195372
81.6197922801
83.1458245062
80.2464382306
82.0784961615
75.0201426735
82.8930220617
75.5534243715
85.6487073753
80.8947956180
81.2492134346
77.1171122484
83.3123672913
83.2431813786
85.2002121332
77.0005347509
82.0963339792
83.2705877947
81.0090647753
80.6836574156
73.0755786343
84.4933574463
80.3628241617
84.2361127530
83.1443975416
83.2133389653
78.1538601958
81.9615447811
80.4104728057
82.2123747034
78.0190860748
86.4664373119
91.5733421563
81.7991316058
85.2241386985
76.9704840063
82.1143089260
86.8625902836
81.4070809093
74.0784221872
82.2343106121
81.9592847006
84.0121289089
81.7799150072
76.0269634168
85.2774275015
84.3569052957
82.9491535527
77.0211297766
82.3753822333
73.7262977968
78.6750778303
79.3417380691
83.2715730921
75.6170506475
72.0497120696
77.1683720705
87.4419691529
86.2643337224
85.5017538864
81.0382501279
85.2752147135
82.9138828835
78.8934541280
84.5227386541
75.6757342606
82.3931958994
82.0697708543
82.1963576128
82.3726764779
82.7622129977
86.4160069846
84.0734242595
86.2149018449
81.1731237792
82.4668884527
75.7794854854
75.7115158720
80.0876774842
80.2713101146
84.4521949218
78.9079984774
86.4453462648
84.0539143898
82.2114571114
83.6308570104
81.0547545527
75.3645716428
81.7176440504
80.4567186977
81.9909386875
83.1201859527
83.5884265402
84.6200389256
84.2248199648
85.2050912955
82.3171542445
81.2933552388
84.5919314820
78.6532753102
85.2692336680
83.5347216126
84.4590245994
84.4314376827
85.4334412304
78.4693679376
84.3942494313
82.9245985606
75.5351737581
84.2912200757
80.2233015061
79.8849090386
77.2125512248
80.6597631271
82.6319588053
82.4179700980
85.8233933254
80.9559626444
84.0942489944
83.2503222653
70.8818107466
76.5224280262
83.2253328607
82.6181095223
83.0228234365
86.3847916831
86.1582193014
76.4894018041
78.6057746591
83.0474430378
83.0699711906
86.4219066858
87.0223255836
84.9196341085
81.1898399644
84.5176769746
85.5990031389
77.1675655573
81.7981201455
83.6684600783
86.0683942654
76.9420247941
79.7199187337
80.3360275165
81.9967558473
81.6400224227
84.0513923663
77.3387941780
84.2495162626
82.2078059797
83.4738734808
76.8597171158
84.8985046590
80.3946784534
84.5583604718
82.5726648120
82.7819573123
84.4928287490
85.1893061654
83.5168407323
84.9046626059
83.4429924491
83.6087502096
79.3945226291
83.7876129383
83.1369790069
81.8128114303
83.8084340126
83.6897692639
77.2595845758
85.7211783722
84.9071779102
84.2351243313
81.7004994986
80.5132283865
81.1543695427
84.5049790597
82.6380668777
86.7527804419
81.6374861754
83.9974270870
81.0911845338
76.4220529355
83.2885331114
86.0355721644
77.0115571471
75.0458775620
84.2416439494
81.1854525572
86.3655381374
83.2059027734
84.0301138959
83.2372495812
79.3980370511
82.3087324991
82.0943852808
83.0820758148
82.0339297165
80.3765931543
85.4593588971
86.2737089144
86.1285863327
80.7376228016
82.6246218945
86.0592238382
85.7357553058
81.8737095776
80.5804151646
84.9845786135
85.8151175020
84.4923214929
78.9854727720
83.9637280001
83.9756918101
80.5907811865
81.5221868717
83.0178903988
81.2589725704
82.6926072061
79.9520087222
81.9805216157
83.3976796404
79.0248255947
83.7899272788
77.5505263014
86.2330810322
80.1523690717
79.7852744913
82.6671578294
80.0679538360
85.6492911386
85.1344195168
85.0478300370
81.5437920952
80.4638674119
84.6516408922
86.2470243601
83.2166808072
82.3970527719
84.6709874518
83.0853560486
83.5736850208
83.3925811928
84.1011840997
86.7333102417
82.1884038197
81.7317552182
85.2691641200
77.6904612235
84.8720981929
77.7567868461
82.9867694123
83.5967305159
75.2873311132
77.6435629647
82.5477072167
82.8649282592
81.6747271803
85.3213624155
80.0599100805
83.2848191811
76.5072126250
80.8591373700
82.6268167432
86.4741156376
81.7043721224
77.2240066157
80.9542797668
81.5157670025
81.6904417676
79.2721920577
80.6552099015
84.5957808185
86.1735827528
82.3900407751
81.0861118791
82.7877061984
76.0852548426
84.2733872411
80.8099643438
85.2317645331
80.8412517572
80.6324527099
84.2311937076
82.1304863081
82.6815376993
84.0940061428
82.9829193379
85.0799179169
83.0162273581
85.2051237690
83.7439280443
82.7602503741
81.1119641195
83.1308016937
79.7086990230
80.7402500367
84.8070210388
79.8345165571
82.4927100231
82.5013598810
81.9503624843
82.3028666501
81.3776492316
86.2027393458
88.0392936021
77.4891810974
81.6524097820
82.7064524246
81.7583970492
83.4245695186
83.2183471391
82.9027380719
85.5039627621
81.4426299603
80.0645054375
83.3346804644
84.2186625588
84.4913819813
83.2050493572
88.2212585924
78.9865263038
75.9557502635
79.9264381921
82.3659288970
79.2892322089
85.0478300370
84.8066031500
75.1694003725
77.7990011981
78.9111660319
80.2184355418
80.8056556779
84.8450579903
82.6289706713
78.6004437022
82.8687493684
81.6277496031
81.1421845934
83.2836715807
85.3089801451
81.5985633281
82.7201950088
86.9713237337
84.9577361890
80.4231164694
76.1158351222
82.3080889838
79.9128861506
81.6395481416
80.0602973500
81.2624417878
81.3607961070
82.7779135163
78.2738629840
83.6972728787
81.6438051523
77.4388544422
81.1805309815
84.3261645916
83.8574283747
84.8396869401
77.9814397530
83.3290747022
81.7556061269
80.5344941718
85.2616804491
81.2670432770
80.9684895527
82.8543500170
77.9208019995
84.0411671968
86.4071477456
86.4004724067
82.5338728015
81.6877214154
83.1587157102
82.0255351462
79.3704949966
85.9774000588
81.0803336723
84.3897948227
74.9727645047
83.7847987911
77.6879204392
80.8975242769
78.8944234917
80.6858073725
80.5790091000
83.1118746314
79.9200649043
82.9412754374
81.0703455163
83.3083053664
76.5663251351
83.0167950688
79.8562105883
84.0850655815
82.4154957300
82.9825091557
85.7296694518
83.1334473716
82.7207887718
81.7440533352
78.4588303968
83.3846411140
84.3389308106
82.1825544689
83.8449706158
77.2731109349
83.0990388584
81.0723688165
82.9511452971
84.2346623450
82.5836676126
85.9307424779
81.4613146648
81.9999317038
73.5096405610
83.9496166617
82.1294256033
84.8752161223
83.9407533645
81.8001515595
84.1115925717
84.4991644031
84.7970090308
83.8191265677
80.7343427777
84.4765603288
83.1823152974
81.1599685644
69.6975308868
84.4920120626
80.2931977705
81.8086665284
83.0095131834
84.8002178157
81.2932255444
82.2958690789
80.9668779372
81.1748462992
84.3340132544
81.7037088673
85.3183828167
78.3362153740
79.6382164959
87.0590819358
80.9098250817
82.0830782213
85.1063900524
82.2434722218
83.3640677919
82.8476370175
81.8059043992
84.0861850112
74.7635402887
83.1430822607
75.9813747502
86.8451488759
82.8628446982
79.1622206442
71.8018703384
84.2800346216
84.6636732946
82.9286246275
83.5874775399
83.6648481807
77.9943280614
75.6809976235
83.7882851537
84.1162546316
83.6300939777
83.2176940501
81.9547187274
83.5601741848
78.9600103634
75.3367528593
83.3731377136
81.6272380035
78.3380520767
77.3859485389
84.7835655870
84.1234080570
82.1370481218
84.8244138672
82.3071054314
82.3235921705
78.5763235028
81.9069336941
86.3906157749
79.4731669528
80.4489677943
83.0917604010
87.0968226490
81.5226230312
84.6405141758
84.6707186915
82.7394782197
81.3983328035
86.0043921371
85.9924601404
82.4349889716
75.8489872429
83.2535964430
74.1030311392
84.4962437114
84.8385467521
81.7325701664
80.5592339081
79.8387523190
79.6557115374
85.3313319914
81.4026966988
83.8076861208
85.1495311335
82.8371016277
81.6615661753
84.6541936270
84.0196958545
84.2870708364
85.7353580720
78.8645656031
81.2746080968
84.7743346377
82.0910604865
83.8916976926
79.2151083472
82.9427629839
83.0057971700
83.7579377218
82.6274549616
75.2801176854
80.3581827220
83.0918110163
80.9281202023
85.4343741528
83.0760895264
82.0217305482
85.3958390899
81.9746856421
82.7284159022
81.5811305482
81.9738725726
83.2223252797
84.5022572202
81.9279951488
85.0010410031
80.8154647331
80.2336373758
81.6950122793
82.6904863588
82.7108293269
81.9687372326
79.7522072630
88.2502869281
75.7521981031
85.0496585804
84.8401387456
81.0921618510
81.4888616067
77.5034667948
83.6213911243
77.9670346148
83.4872383530
83.2065459438
79.6435239496
83.0318050555
82.3226889402
81.5019421064
85.0793767947
86.1409485159
78.2506390898
73.4411034820
82.7900878276
79.3975958854
80.1626296432
74.4479999216
82.7223771947
83.0521737413
83.6358872594
82.7187904776
80.4233387844
85.4628757191
82.3860785631
86.6341256905
80.2360908813
85.4202431254
82.9374303826
79.5683954898
81.7938242726
83.9331430616
84.3411420804
86.1947920986
81.2888941896
84.9395128849
82.0497765871
82.7347622337
81.3427758383
82.9200197224
84.6684935902
86.1109560902
82.6867841023
81.0360696586
82.1771104167
83.2183471391
83.3148074666
83.3263653264
81.5794511377
80.2915687243
86.5993418494
82.6956769427
84.4100739270
81.2103720724
84.5055709366
80.9384288318
78.5479864488
79.4154090191
80.9459360954
81.0120527613
84.2076541507
86.0262942556
79.2511593645
84.0700589647
79.9297600998
83.8022846892
84.5411314066
84.3555135273
85.7178794989
81.5815458840
83.0526982051
80.5347312287
81.0645705033
82.8073353636
81.2897979985
81.0503682643
82.9104605680
85.0254147112
85.0966385644
85.1575128736
84.2599240995
78.9735348084
80.4279537883
82.9030579085
82.5085634048
84.5941185330
82.4546347478
80.7555970054
81.8431030765
72.4194801463
79.1883386250
82.7279965099
81.0158309727
82.4958388132
84.9422512348
84.9597532232
86.2345709540
84.3304753666
76.1991758785
80.6962484286
84.4282400272
83.6495700105
83.9009488242
79.6669298245
82.6074544239
83.0830580201
83.3960352081
82.1878629815
81.1178286171
79.3200091877
83.5970345500
82.4364519538
81.9671551413
82.6894459663
82.8096972854
82.6789173258
84.1546981951
84.0778176183
81.7352682679
81.8242854566
79.2914688698
84.0321639766
82.1617028423
85.4662238589
84.3015812743
81.3854792786
84.8623625791
74.1914381750
81.2487558707
83.8605247394
83.7571163311
82.4275288917
83.7319868522
80.6582896987
82.2114571114
79.5368059166
79.6900091272
81.3944198295
81.9067386038
83.0410605791
79.3892486571
82.7606749884
78.7146096837
84.1580199128
84.5710629271
84.0495817947
81.0214103334
85.2566589783
76.4687277515
81.2670432770
84.5659644109
84.3095657376
74.2143998806
73.1444283702
83.7949562194
84.5959286030
84.1759198525
83.3137930058
82.2670270888
82.6080366970
83.8996354824
85.0534308571
81.6979510741
79.4819908405
80.8065186743
73.0088966207
80.7553499430
81.6051894629
85.0082965413
77.6652966478
83.4024269590
80.2007434096
83.0651009731
78.8163908235
81.1933673326
74.4328260350
83.7641306798
78.0288566095
84.2424793704
82.6019547956
83.0147442577
84.8767168656
81.2087746951
83.5514037647
83.7662882403
83.9245327445
86.8633873479
84.0083741643
76.9715574111
83.9277724053
80.6941392532
80.1906207746
81.4765448605
83.1998430619
78.9732798062
83.5261830552
83.5491847798
78.5467345777
85.9500681008
83.6575573907
80.2057985195
78.1240907030
84.9915153677
82.8836919579
84.9297286398
77.8162768199
87.5608202322
85.9862549772
80.9834548946
83.9400722950
73.5162190665
86.0646559322
78.6865195034
83.2176832599
82.8106803839
84.1893274785
79.2235757500
81.2864629056
80.0941356046
80.3136013192
85.0155355196
87.4260913058
78.1399841486
84.5231366984
81.1900668267
80.9877600720
82.4645979962
83.5435081955
86.1870240736
83.1193732654
82.8818551560
85.1618268573
75.1215117808
84.1858366924
84.6961161437
82.2167343487
81.3962971481
79.0223870351
80.2230871680
84.5630929784
79.3911629869
82.6962603986
83.8276621662
80.5957590313
75.1071592164
78.0057871529
82.0582080544
72.1449549772
82.8187028087
83.1537091725
78.8746553975
78.8365450750
78.0413179060
81.5463369299
80.8268016743
84.1343426838
83.1704456199
81.9249335902
83.4628577828
74.6489672318
83.8342199833
76.5473611053
81.6439291565
85.2538399348
81.7172073403
80.9919991641
74.4898052212
80.3977328490
84.3748328658
79.0403560796
84.8673516582
83.7454609075
84.3480446346
82.5228356855
85.0094801650
81.8507464575
85.0886680350
81.1289271192
82.1734493772
79.5315144860
83.2338860532
78.3680180288
86.7666938994
85.4154477443
77.5067185153
80.5539876703
81.0828366482
83.1573231635
83.8532541422
82.6165772448
84.5281001288
84.5906276838
82.3457947706
82.9756207018
80.3664338544
84.3725441387
79.9992162405
81.8291278974
83.0818748864
78.6316060314
80.5562062716
79.7204905637
72.7732315228
84.0773175178
81.2188505745
85.4212216749
84.1558796973
84.3383567813
81.3125123316
81.9446281372
76.6970321140
80.3417274182
79.6535283546
82.2899402387
80.3653555563
83.9135103127
83.0943123292
83.0260223454
77.9932154611
83.1096794550
80.1211011187
82.4950690678
83.8098394959
84.4837350530
82.3922751306
83.8619599587
81.1619975704
76.0674797185
80.6269601937
76.7438021626
83.9337781744
75.9892952114
84.1422407313
76.8628872574
78.6206834538
79.4983274440
82.2311891320
80.0728509212
83.8497475257
83.9311085905
84.8959121236
81.5183782645
81.4164951894
84.9500345501
82.9963587068
75.0628338186
83.3771519879
82.8114413278
81.1029499763
79.2937908838
82.9949300756
83.6196188860
79.5896080273
82.7455338858
84.5714239970
82.2530599624
83.6351508885
81.6257953554
83.6706336721
82.9405221117
82.5779537311
84.0770114654
81.6993611029
83.1426392675
85.6266934507
83.2545817615
80.3724892141
82.8585493467
82.3148107422
84.9924592129
82.3291895993
85.8436752239
75.7667882493
83.9173907257
79.4830473011
81.5758303115
80.5437763022
83.8532831151
84.4594443648
82.2423317601
85.1871169295
83.1232804993
79.8391405488
83.3440331441
82.9107544023
75.2521476005
85.3755967682
83.1064926287
82.2143373481
80.8719697388
81.6536702565
84.0724885605
82.7988880948
82.2119422193
78.8139241741
84.6511977666
87.2685245286
81.9629139159
82.4532272925
82.7589565950
81.8928956113
87.5304661292
82.1950562448
85.7842319282
79.4665297738
86.0620898589
82.6571124434
80.0334103400
83.2419269487
82.1380081479
75.9743388581
79.5700611079
86.0595592206
79.4787681901
77.9509360912
84.8026049010
83.8611442228
79.7958975754
81.3781201552
80.5706605333
83.1374114714
80.4940682190
78.5069877614
84.2670212592
73.6892553651
83.2548527567
80.8594501134
84.5970923707
78.5426080397
78.6902832902
78.8204785375
82.3305432974
85.1869744086
82.7783892692
85.1042620480
83.7522631914
80.3545123110
84.0794608661
76.9516161315
84.1118019446
81.7167291854
81.6952637311
81.2166521276
81.3492452784
84.8756180392
84.6339987207
81.3502954083
73.1255682244
82.8350387774
79.5332688364
82.6028723871
73.8900518420
82.5764010263
73.4988280882
82.9529354564
84.8803110450
81.9324653764
83.8540176298
83.5090130561
81.5131059287
82.9357786265
86.5058480908
81.9961432324
84.0773105295
80.7046740580
80.5713336419
80.8525800929
83.3630618508
83.9902329274
82.0490067977
85.4163289864
82.9143051777
81.5401011978
85.3570857867
82.4424224803
82.2119208779
83.3341500520
78.8608650462
77.7850071525
85.0737007967
83.9533518869
80.2914509872
81.8551311226
82.8005899296
75.0206741764
82.7297620243
85.0730698718
82.1588648293
81.5201709915
82.7787346565
82.3040875588
82.2940284129
84.5856287479
83.2071609260
78.9984839096
85.0890286279
81.7063600933
84.1625134281
83.3998339598
82.2542202457
82.5947323959
81.2926980864
80.2639454449
78.2512646188
79.2235757500
74.5112279031
76.4653294969
80.8265630777
79.5276669430
81.7588858942
82.6255274515
83.1504478121
80.0656931293
85.1133147247
75.4043738888
83.6199236056
82.9207464942
83.6895796341
76.5838385075
82.4183499947
80.8907913446
82.9269625533
79.9491562343
88.3430052396
83.8740416477
78.2965600992
83.6504514264
70.9858860779
84.7223235478
83.7172379050
81.6177323403
80.8659596927
80.6841032253
83.4245115148
82.7503129693
78.9025823442
84.2078424901
80.2406544306
81.4411942665
84.8179775120
84.8981354881
82.3914795247
76.4933468112
81.4558737663
86.6166770840
81.8122905031
80.6984416985
83.2665755637
76.4724412169
76.3466855491
83.5303969008
83.6836281134
82.3642587443
78.0189454360
85.3584447549
78.2380015824
81.1146702667
86.7684143962
84.5931757312
82.0347937675
81.0528178835
79.9859889383
83.3064802495
84.6938859623
84.8783311370
81.5648444093
84.0677693346
73.2183392320
81.2194670166
78.5642289738
76.1332569188
85.6349427302
80.0787450962
86.5120295098
80.4987381895
82.2805618429
81.2394823514
82.4711337007
84.4094892548
83.7037835368
83.3575985694
77.9093279976
84.5627722241
84.6897028399
83.4139010792
82.1295099753
85.4816791405
82.3263024238
73.9824021281
79.7147666705
86.3487477016
84.2526507668
81.8342486108
84.5716152564
80.7582200687
83.7792539851
82.8482944513
85.1771722270
80.2349667320
82.3231368505
79.7787612441
77.9902637706
84.5376321447
81.1064634841
78.0923059042
83.4635705357
85.4363732188
80.9043751710
81.2308973974
72.7329973659
84.7623839516
79.6675571613
81.7287642371
83.7312450998
80.9643360968
79.1893298109
80.5014685587
83.7145571584
82.7374310066
71.9727308291
81.0206376293
82.2861955099
83.9097121696
83.4388981763
82.7806557333
83.1365357180
85.1578195718
83.9358744288
84.0225119528
86.3924195993
86.2524896550
84.9503395454
86.0503100132
85.8474133301
81.6772892476
82.3693655828
82.1814582792
84.6736923099
84.0009192009
81.4035713942
81.8265416967
86.3705901615
80.7027811670
76.1111045340
82.7142951460
80.9994772322
82.2644700366
82.0735076634
84.6259416177
77.9538145161
81.4430256355
83.8566066576
85.0992878557
74.0239817670
80.1406249764
82.6934618628
82.7927340500
78.6346513176
84.5195909506
78.8294625476
79.6042316302
82.8363867215
85.7580258468
84.0053376526
84.2464061494
78.3482728258
83.5717020591
83.6133110342
86.5771326103
83.0391200127
