85.2911015453
82.4840014049
84.4522746325
80.9360962918
85.1335254969
86.4475995898
85.9658977820
84.4944821965
82.1988545034
80.2331969695
82.0287599494
84.1858057041
84.6410471208
79.3688620103
82.8688730591
82.0159496761
84.0902034502
85.3987092862
78.4368362604
80.6072053869
81.0301425451
77.9717082309
82.7969183208
82.9176601628
84.4398572600
76.4705585779
79.0797661889
82.6913928169
84.5918017730
84.8822693757
83.0315466648
82.5485080962
85.1690254743
83.5318872526
85.2340751833
84.3740679679
83.9001745432
88.0974316760
79.8925968890
79.8990025048
81.0545270576
84.6935311110
83.3631815346
83.2516318892
75.3880261533
86.4878063461
77.0872633407
83.6396774072
84.0569633827
82.4466126095
81.3358252250
83.9765319883
81.6362539109
80.8854819440
85.0824962134
75.6814986071
81.2376085099
82.8654499317
77.0897528964
78.5176806315
80.7498589261
81.7987903844
79.3951519082
81.2577833829
83.1817876636
82.5291908778
83.4052222943
83.7960086759
81.1806111673
81.9716355019
77.8954891403
82.8088260145
84.5853297308
88.7611145617
77.6783446297
81.1067095856
83.7259444652
83.1688573752
85.6682964432
83.3954563167
82.7915148283
80.8399699077
84.3942356795
80.0892697697
84.1417234262
81.0986793730
83.4126058268
84.0729522206
86.3173318406
72.7915042739
83.8651600547
76.5483083046
81.9390303486
83.3676793561
76.2938101899
82.4839798656
75.7840916986
82.4034182815
81.9031383149
82.7101086088
74.7124279052
83.5668597797
82.9310550749
75.5926208869
82.5239237250
79.6603792825
78.1645604001
82.2044593199
85.0748107555
84.0754055419
83.7061300607
78.9815715094
85.4846666108
74.1831735978
77.6858239382
79.2123638409
82.9883352834
79.8130069371
76.6008317475
87.6040962291
74.7955341604
81.8186069555
80.5209561536
78.4168262314
82.6883230083
83.8253093946
85.2424278210
80.9800964275
83.3915184907
84.2564647777
79.5507978015
84.6774585714
84.7922314864
82.3215440353
76.5605621817
84.1106694486
84.0891488856
83.4742388163
82.6193556757
84.3674542376
84.2547417681
82.7331227406
81.2746080968
81.3256753304
81.8047823990
88.2881596845
71.8743634176
80.0199441432
86.5131423175
81.7377824135
82.0088649429
83.8230829711
83.0760512737
84.4301605686
82.7290232287
87.4359732759
82.4551086788
82.9753537161
78.9623303255
80.8188933779
81.5343182513
80.2610143248
82.9423216691
83.7660356394
85.6859905005
80.9055218785
83.5751218906
81.5386581511
85.4105397297
74.0367435662
80.1366339861
82.6961514759
81.6779798983
79.4384157327
81.8216040583
76.9366991762
79.5246269954
81.4365593982
77.7830114048
82.0739641576
86.8878459749
79.6864908617
85.8429386984
82.1108804101
84.9944746179
83.4799624006
83.4117286021
83.9461310606
76.5594520071
83.3178952805
86.5563108091
78.5720282150
81.4847855714
79.0652300669
78.4367697021
81.8178881926
88.3049212270
74.9948415548
84.2715081674
82.5360463016
82.7327583069
84.5575520616
86.3582351519
84.0296494173
82.3747796296
82.8410601348
83.7746188837
80.9843487053
84.3035049894
84.2781206981
77.1053060339
73.4919526450
78.2014919462
83.2370595890
85.0316402449
79.4201756455
84.2596905745
82.5796280444
84.0843203022
83.0738274130
82.8332346826
84.4587268334
82.4495563589
83.7946082003
72.1356153165
81.7606734785
82.3290357089
82.5761407266
76.8492838273
81.7892266595
83.3840835246
78.4469258787
78.5871408775
83.2258851127
80.9309730012
82.4873290684
84.3782786132
83.0035953707
80.1926934630
84.3679861999
79.6288236294
81.3555933633
81.1652619331
76.3203556454
80.1101385031
83.7329187748
84.1544266946
78.6216291914
82.8667727862
80.5515616884
81.1791101027
80.4378383587
82.4864075181
81.1887264324
82.5347145982
82.2948861062
79.8602659402
82.4148089730
79.8136932747
84.0912714026
82.5238350623
82.9574918805
80.1296976927
84.9139160644
84.1105789471
82.2609192541
82.1341981694
83.2605652108
84.4978108035
79.7991310876
80.4473856909
83.8784044899
83.7192334630
81.1426650648
82.8751188209
81.3933542706
77.9828179508
83.2272408588
87.7033220079
84.6307680043
84.8497123484
83.9998274960
81.2097604739
80.1233017722
78.3856493792
80.5477461843
83.9265883846
83.1540031625
80.0011225136
85.2921272336
82.2284208217
81.7017705917
83.6068450565
82.4954632626
84.3925317345
82.4368793758
76.9852291792
82.0696016134
81.9452833423
85.9466530535
82.4617993018
80.2494541880
82.1226686373
86.5539194822
82.2198222085
73.7484831033
84.7923514913
82.9051281359
83.3839633319
83.3231116293
80.3710282049
80.1860073621
84.6808267556
81.6082352624
79.3361980083
76.5188135446
83.8451558049
82.9421937057
82.2479529841
78.4952317890
78.7915103969
84.0672734114
81.2618812448
82.6432327921
87.7164208541
84.0501310204
89.5521463329
84.8792135136
84.6790864065
81.8699002868
83.5979625201
80.0025892356
79.9118853243
82.6825850487
84.7176957128
77.2511946745
78.5876886350
79.0577968745
86.5918424333
85.3845482497
86.6545978455
79.9886018786
82.8550095493
83.5076825495
77.9895169811
80.2494260348
82.8420479815
81.3124191236
83.7152836050
83.9490830880
82.0510128983
81.6187633097
81.8897014672
84.0872816386
85.1603363416
83.6167146487
82.1020343262
84.2655982092
82.6591035765
83.8717308475
79.6438464729
85.5822049760
84.2735184385
83.1082157837
78.3468270809
83.5946263141
82.1190858434
82.8842949348
85.7325643643
75.1755888834
79.4721392674
83.1842160848
86.4207023345
78.9162561284
78.1189002121
84.7971760330
85.8492856295
79.2349120035
86.1067382708
82.4731140299
83.8477688464
82.4168317671
82.5423504802
83.8727508270
83.3121665354
80.6534145022
82.8543228017
85.4986381124
87.4171076343
82.7249119228
84.4906214140
78.9032477032
83.2487201249
85.7264815702
84.2746978678
86.7428400782
82.5189079127
80.2187493522
84.0145149458
84.4259334929
84.0843142948
80.7246749405
79.6376409885
77.3900898669
83.2271300278
75.4834387507
84.2298719680
84.4854739713
80.1380610076
72.9665065288
77.6519115809
84.3696302014
82.9333759442
87.2847135338
77.8645358636
80.1787710716
83.8878117341
83.2854032259
81.8410829663
82.7364062958
83.5008592132
83.9892122511
82.8827377594
74.4114275989
85.0269004399
80.1028855650
82.0740102038
81.6276448820
81.9204451273
86.6138758265
80.7032558482
84.1279666216
83.6291003273
85.2137623797
75.9058390176
86.5591506380
78.6898714592
83.7014381739
82.5229868747
80.6631163558
79.6433340875
81.0557340870
81.2639615002
82.1515678467
82.9018272981
83.3026162391
85.1234730014
82.9829193379
78.6304981413
81.3597807017
80.8420461850
83.9885202040
85.4840783184
87.1945711719
85.9510341974
81.9717672241
82.6080585116
85.0858101700
81.1246960884
82.7293167877
83.3737878881
84.4480571469
82.5060269874
85.0686565014
81.7574211463
84.7062411629
80.9223694663
82.4899531836
82.7423329829
82.5427802715
77.2979463607
81.2901338074
80.4505136466
81.1062741157
85.1685767551
85.1501072467
80.8901764077
84.4916220702
79.9233510800
82.6930314807
82.6302704580
82.9100535535
81.2983808229
83.7915113683
77.8203051645
84.6740641338
82.8681926650
79.9314127723
76.7315010096
81.1431182785
83.9313689416
80.6344496609
84.6379456214
73.5156062786
82.6930066178
83.3659625451
85.1961234372
79.8528570455
86.0665354418
73.6266667017
84.0523240053
83.0098612546
82.4448074453
85.0038749161
80.3057987842
73.2324747757
84.4535750843
82.9741164075
81.0764023163
83.5417214296
80.8397535125
79.9222473095
81.5586735588
76.3097564736
81.9081703762
82.2453994523
80.3174143734
79.5831093814
84.4894721370
83.8385060789
84.7443824249
81.7991326252
83.8722025230
78.8412476802
83.2920702654
86.1604275265
84.2066149855
80.5999305539
80.3156261355
77.2039810150
83.3358693047
79.4533551486
84.3116026682
76.0044823243
83.1764926983
81.3171254890
82.9418404508
85.0835818602
85.7327979466
83.7044867351
84.8046470679
84.4700506980
77.6175954738
81.2001724299
78.9650900192
83.3065977752
86.7901470913
82.1982455346
82.1432928337
84.0740650450
83.9746046931
85.3525363215
87.3004913699
81.5809340964
84.6762245865
83.7897092841
83.1133385547
83.2053495629
80.2899098288
81.2843346562
82.8208747060
79.4576706435
81.5536105367
80.6327528078
82.9932266259
80.3545655960
84.9469401102
85.4815848167
76.7729606263
82.7218921573
80.2806847434
79.1978706503
85.0763079810
85.0791404866
75.9456877513
86.6001724791
84.3532432812
78.6061739586
81.8224809191
80.1907003831
76.4948583515
80.2408381203
82.5085078540
82.9334005019
84.6465875223
84.4630648868
84.2862925658
82.9338499170
80.3001520030
86.4549805326
82.9825130052
77.6141611933
86.3430423559
70.3329788661
84.1256258912
73.0287869178
81.2632993195
81.0355817197
75.8341190424
86.8501330281
81.5518150792
83.0715372246
84.4862047066
82.3929963746
79.9348821370
77.9509173700
80.6645303410
83.5566752738
86.4286278308
83.7669817379
81.4803868473
81.6801173651
86.8898697086
87.3208996518
85.7144045708
83.5611341677
83.2704342747
81.7767355418
83.4145421506
81.6064737878
83.7549629459
80.4224137894
82.7543755707
83.4571256638
83.4367106774
77.2222976674
85.9263921962
85.7482887449
79.1491883169
82.8896008224
85.1485710460
82.2126987245
83.6865236353
79.0579457917
81.5550661640
82.7632374077
86.3359686255
76.8713907464
84.2945244016
83.4923646033
82.6407587675
78.1531226542
83.5574001337
80.1385628321
83.4772361770
79.6627598738
83.0168098407
74.1895741248
83.2167941767
84.7398039323
85.8026731038
86.9184846820
83.9111818445
79.1715807816
80.6166879499
86.1070856496
86.4789875818
86.5197155758
82.4860225261
85.2463763607
73.4956804365
75.4013393588
81.4147377901
85.1416438966
82.4271261704
79.1730618913
74.9575006165
78.7484541717
74.3908768580
83.6509603221
81.8437621014
82.3446970365
81.0021551945
81.3345938048
81.6996918690
73.8759686818
83.6487647812
82.0075350991
81.7981168220
84.2756216214
85.5906051588
83.7138743914
79.2549371937
81.5925372321
83.0131785830
84.5919272870
84.4146398469
80.8742012613
78.0974582805
78.3550537169
82.5621395957
79.9300582266
74.0665306202
82.9195397853
81.5359922302
83.0816890917
88.8528203896
83.1250938505
84.0813347492
78.2016431070
83.7905447197
82.1405317538
82.7003986646
80.4634986747
84.2600673589
83.1964814302
82.1910589864
76.1916100423
82.2979395429
84.9015151830
82.1005687342
82.8530244579
81.5683470887
83.8320210982
84.1603770858
83.3767447405
85.3989437249
85.9808445104
81.5470327987
82.5852077806
83.9173493859
84.5670399674
82.9201449659
83.0217192645
79.0201017709
80.2929378377
86.9901029526
85.4511791382
82.1622403678
74.6987312412
80.8699389262
79.7456639863
80.0958967390
84.0837488022
82.7635540107
82.3029900116
82.5570389945
84.8146597442
83.3055999373
81.1338054590
82.7224427716
73.3617553401
83.5638060863
78.9448198614
82.0435964117
81.1457643438
80.6487304291
75.2254244585
81.0898930722
81.2383873039
83.1634776094
77.3711804632
79.7983098399
83.5833147111
84.9250605542
80.8463342054
84.9695379847
82.8486141915
82.3086529186
84.0818791752
84.1173641135
83.8114304922
75.3979462571
82.3646225426
83.9299034423
80.0878123446
84.4045609642
86.1596127530
83.7527835399
85.0172663139
83.7623015942
83.1481079414
75.6659597757
83.6602236311
81.8316045519
85.5962270867
76.2789829982
85.5489200801
82.0827660622
78.7204572984
80.7213507704
82.6471022032
75.3688795290
85.2478953704
82.6732152837
84.2027886696
82.6392082163
86.5834764707
80.5679097970
82.5576314547
82.9496268844
86.1829408170
81.7731071280
82.4223713298
86.7557021931
81.8519299667
84.2673096083
84.9837636957
82.7839771400
85.1350633134
85.0329532806
79.1627872880
84.2554458609
83.6456156015
89.1740845233
77.1856585591
83.3097361633
80.8787535274
84.2669122167
83.6235158835
85.6490364536
72.1063238861
80.6486401031
82.5162402880
85.7056821182
86.5431088656
79.2640409724
83.4346810606
80.8087849475
86.1556736683
83.4005318335
82.7430286176
84.1223402438
86.5180532258
86.2371333903
84.5688834733
76.2545940251
81.1147655357
82.4815306753
85.3012848011
81.6697169105
79.6219357413
81.3082264229
79.6782087848
84.3050291614
74.4006021126
84.7091040478
81.9852851056
84.7596715109
80.5305535360
80.1494133479
81.8880987534
81.5889776048
83.3597393757
84.7762359942
84.7648992201
81.5978750923
84.3952066679
81.4897428388
82.1279152358
84.8815107626
84.2422976581
81.4274935929
82.9816853986
74.4052745129
82.6140710072
80.1908204185
79.0354739917
85.3857682248
82.3831566250
81.9218438517
82.7697038578
84.4469683250
82.9472170255
76.0402332530
81.6967492796
83.2787788802
85.1109329446
84.7689349116
81.9811720022
80.9236088709
84.5403405831
82.9501000463
81.9828092544
83.0062797666
78.1026658884
82.6162087134
84.4257253922
82.1234618604
84.0373312166
81.0768389727
83.5224997966
83.7775187140
81.3722931558
86.8290581273
81.7507698567
84.2127748384
79.1053751834
80.7540953985
79.6188491701
84.8707494014
83.1299388612
84.3536842625
83.3117468965
83.5093359003
81.4281756995
77.8915454990
79.1626545447
81.2325385707
84.8225063252
85.1572025659
84.6087293923
83.0268541038
83.6586971900
82.3679105059
82.1349813400
83.4147500089
82.1946340950
84.7118524493
81.3587311154
82.5191752852
84.5741319564
87.0465621133
83.8843024753
81.0317829798
84.5489620985
83.2018550891
82.7947919543
75.7528304512
81.6169821312
84.7311203465
81.9993137879
81.5426723368
81.0927134918
83.2507120231
80.7648485223
83.6715038703
81.0285009285
79.9372488967
84.7564940724
79.1988416908
83.3871492422
77.6786097958
84.9724031666
83.8136939489
81.5936996136
82.7959654730
79.3749625334
80.8775577760
85.2797421379
84.9735111507
86.2169537570
77.1170190040
84.1766769777
82.0100933279
80.3033431637
83.8785232092
82.6830841310
77.1569006801
83.9400065598
84.9675667948
84.3627743274
79.7051395388
84.4787058180
83.1606010980
83.6625129753
83.6702933642
83.3474770291
77.2572582197
82.1846592362
82.8608901271
82.2478211999
82.2043253894
81.3659795047
80.8046755857
75.2073933899
85.9941150550
82.0733299641
83.9878443352
78.9092926883
80.0147471325
83.8368033805
81.1858693770
81.0243917077
80.4384707360
78.2896269801
87.3074063438
85.1802312417
85.6045770034
84.3800568184
84.4227947724
84.4481270341
84.7407006975
82.6291962115
78.7250763163
82.9822231487
84.5254163832
80.5638787418
81.2087746951
84.2441053892
84.1429873796
83.1834032277
82.4530026933
81.0741313545
87.0816563050
82.4296325697
84.0802568407
79.9530294013
74.1559990484
84.4776616860
