85.2911015453
82.4840014049
84.4522746325
80.9360962918
85.1335254969
86.4475995898
85.9658977820
84.4944821965
82.1988545034
80.2331969695
82.0287599494
84.1858057041
84.6410471208
79.3688620103
82.8688730591
82.0159496761
84.0902034502
85.3987092862
78.4368362604
80.6072053869
81.0301425451
77.9717082309
82.7969183208
82.9176601628
84.4398572600
76.4705585779
79.0797661889
82.6913928169
84.5918017730
84.8822693757
83.0315466648
82.5485080962
85.1690254743
83.5318872526
85.2340751833
84.3740679679
83.9001745432
88.0974316760
79.8925968890
79.8990025048
81.0545270576
84.6935311110
83.3631815346
83.2516318892
75.3880261533
86.4878063461
77.0872633407
83.6396774072
84.0569633827
82.4466126095
81.3358252250
83.9765319883
81.6362539109
80.8854819440
85.0824962134
75.6814986071
81.2376085099
82.8654499317
77.0897528964
78.5176806315
80.7498589261
81.7987903844
79.3951519082
81.2577833829
83.1817876636
82.5291908778
83.4052222943
83.7960086759
81.1806111673
81.9716355019
77.8954891403
82.8088260145
84.5853297308
88.7611145617
77.6783446297
81.1067095856
83.7259444652
83.1688573752
85.6682964432
83.3954563167
82.7915148283
80.8399699077
84.3942356795
80.0892697697
84.1417234262
81.0986793730
83.4126058268
84.0729522206
86.3173318406
72.7915042739
83.8651600547
76.5483083046
81.9390303486
83.3676793561
76.2938101899
82.4839798656
75.7840916986
82.4034182815
81.9031383149
82.7101086088
