85.2911015453
82.4840014049
84.4522746325
80.9360962918
85.1335254969
86.4475995898
85.9658977820
84.4944821965
82.1988545034
80.2331969695
82.0287599494
84.1858057041
84.6410471208
79.3688620103
82.8688730591
82.0159496761
84.0902034502
85.3987092862
78.4368362604
80.6072053869
81.0301425451
77.9717082309
82.7969183208
82.9176601628
84.4398572600
76.4705585779
79.0797661889
82.6913928169
84.5918017730
84.8822693757
83.0315466648
82.5485080962
85.1690254743
83.5318872526
85.2340751833
84.3740679679
83.9001745432
88.0974316760
79.8925968890
79.8990025048
81.0545270576
84.6935311110
83.3631815346
83.2516318892
75.3880261533
86.4878063461
77.0872633407
83.6396774072
84.0569633827
82.4466126095
81.3358252250
83.9765319883
81.6362539109
80.8854819440
85.0824962134
75.6814986071
81.2376085099
82.8654499317
77.0897528964
78.5176806315
80.7498589261
81.7987903844
79.3951519082
81.2577833829
83.1817876636
82.5291908778
83.4052222943
83.7960086759
81.1806111673
81.9716355019
77.8954891403
82.8088260145
84.5853297308
88.7611145617
77.6783446297
81.1067095856
83.7259444652
83.1688573752
85.6682964432
83.3954563167
82.7915148283
80.8399699077
84.3942356795
80.0892697697
84.1417234262
81.0986793730
83.4126058268
84.0729522206
86.3173318406
72.7915042739
83.8651600547
76.5483083046
81.9390303486
83.3676793561
76.2938101899
82.4839798656
75.7840916986
82.4034182815
81.9031383149
82.7101086088
74.7124279052
83.5668597797
82.9310550749
75.5926208869
82.5239237250
79.6603792825
78.1645604001
82.2044593199
85.0748107555
84.0754055419
83.7061300607
78.9815715094
85.4846666108
74.1831735978
77.6858239382
79.2123638409
82.9883352834
79.8130069371
76.6008317475
87.6040962291
74.7955341604
81.8186069555
80.5209561536
78.4168262314
82.6883230083
83.8253093946
85.2424278210
80.9800964275
83.3915184907
84.2564647777
79.5507978015
84.6774585714
84.7922314864
82.3215440353
76.5605621817
84.1106694486
84.0891488856
83.4742388163
82.6193556757
84.3674542376
84.2547417681
82.7331227406
81.2746080968
81.3256753304
81.8047823990
88.2881596845
71.8743634176
80.0199441432
86.5131423175
81.7377824135
82.0088649429
83.8230829711
83.0760512737
84.4301605686
82.7290232287
87.4359732759
82.4551086788
82.9753537161
78.9623303255
80.8188933779
81.5343182513
80.2610143248
82.9423216691
83.7660356394
85.6859905005
80.9055218785
83.5751218906
81.5386581511
85.4105397297
74.0367435662
80.1366339861
82.6961514759
81.6779798983
79.4384157327
81.8216040583
76.9366991762
79.5246269954
81.4365593982
77.7830114048
82.0739641576
86.8878459749
79.6864908617
85.8429386984
82.1108804101
84.9944746179
83.4799624006
83.4117286021
83.9461310606
76.5594520071
83.3178952805
86.5563108091
78.5720282150
81.4847855714
79.0652300669
78.4367697021
81.8178881926
88.3049212270
74.9948415548
84.2715081674
82.5360463016
82.7327583069
84.5575520616
86.3582351519
84.0296494173
82.3747796296
82.8410601348
83.7746188837
80.9843487053
84.3035049894
84.2781206981
77.1053060339
73.4919526450
78.2014919462
83.2370595890
85.0316402449
79.4201756455
84.2596905745
82.5796280444
84.0843203022
83.0738274130
82.8332346826
84.4587268334
82.4495563589
83.7946082003
72.1356153165
81.7606734785
82.3290357089
82.5761407266
76.8492838273
81.7892266595
83.3840835246
78.4469258787
78.5871408775
83.2258851127
80.9309730012
82.4873290684
84.3782786132
83.0035953707
80.1926934630
84.3679861999
79.6288236294
81.3555933633
81.1652619331
76.3203556454
80.1101385031
83.7329187748
84.1544266946
78.6216291914
82.8667727862
80.5515616884
81.1791101027
80.4378383587
82.4864075181
81.1887264324
82.5347145982
82.2948861062
79.8602659402
82.4148089730
79.8136932747
84.0912714026
82.5238350623
82.9574918805
80.1296976927
84.9139160644
84.1105789471
82.2609192541
82.1341981694
83.2605652108
84.4978108035
79.7991310876
80.4473856909
83.8784044899
83.7192334630
81.1426650648
82.8751188209
81.3933542706
77.9828179508
83.2272408588
87.7033220079
84.6307680043
84.8497123484
83.9998274960
81.2097604739
80.1233017722
78.3856493792
80.5477461843
83.9265883846
83.1540031625
80.0011225136
85.2921272336
82.2284208217
81.7017705917
83.6068450565
82.4954632626
84.3925317345
82.4368793758
76.9852291792
82.0696016134
81.9452833423
85.9466530535
