85.73522161
83.15082688
84.66878262
81.52362775
85.64771918
86.36283778
86.10676648
84.93833473
82.49012122
80.67407988
82.61983761
84.63117186
85.23776906
80.27464885
83.46019879
82.45794180
84.53126854
85.61451882
79.25951706
81.42281162
81.62194336
78.64554051
83.16551580
83.28411873
84.65553718
77.14203849
79.82481153
82.98151945
84.81030326
84.87276956
83.47504680
82.83963657
85.46095986
84.05533498
85.30028129
84.66453874
84.49842147
88.23812052
80.48472951
80.49224602
81.57672491
85.13347102
83.57889462
83.61965776
76.43363207
86.63007053
77.45365572
84.00806990
84.42145202
82.96029785
82.15554838
84.19431495
82.00076429
81.32938617
85.22441004
76.79727460
82.06293194
83.22761543
77.98247342
78.88393381
81.41708019
82.39305162
80.37378259
81.69823879
83.47311751
82.74589024
83.69794123
84.38839545
81.55173001
82.41349532
78.34075637
82.94915625
84.95015546
88.97869543
78.57667582
81.09732010
84.39768117
83.15932396
86.10911790
83.91680829
83.45904155
81.58804653
84.45924486
80.67939455
84.65957723
81.46316773
83.55477482
84.59223499
86.45748425
73.98128933
84.08129900
77.73890913
82.67470891
83.80904470
77.41138094
83.07877367
77.13435150
82.76698067
82.34913220
83.22538893
75.90866042
83.63284983
83.07356561
76.70820166
82.81711932
80.25504572
78.90027309
82.57190602
85.29099199
84.51751971
84.15051356
79.96074173
85.85177373
75.30267681
78.12798798
79.87798550
83.57940034
80.17980874
77.42390171
87.59449852
76.05792209
82.03337339
80.51154236
79.08337737
83.13100563
84.26396484
85.30864879
81.42074680
83.53231388
84.69808132
80.44659318
84.81890430
84.78286072
82.61424261
77.30416837
84.40182455
84.38067173
83.84190512
82.91352436
84.58357924
84.54934839
83.40043985
81.64217932
82.21657071
82.17320413
88.27855858
72.99133078
80.76489044
86.57850410
82.10337501
82.30105338
84.26648698
83.59184986
84.87495546
83.24647233
87.65250276
82.74755579
83.57063784
79.40818540
81.25841236
81.90188943
80.92092051
83.23086310
84.06211145
85.75222142
81.42605096
83.71547437
81.98249999
85.77522162
75.53766705
80.72994990
83.06312483
81.97254654
80.17824438
82.18514047
77.75557587
80.27101331
81.80469897
78.37200145
82.82025819
87.40591958
80.51098671
86.06077385
82.40192115
85.43402534
83.92372663
83.77993744
84.01219564
77.44572967
83.61202266
87.07341014
79.16652249
82.07302947
79.58179921
79.40922723
82.18477073
88.21952200
76.03661830
84.86705071
82.98067899
82.87532559
85.07787110
86.34879471
84.09564417
82.81848712
83.05775572
83.84024717
81.50186096
84.82289820
84.41958669
77.85304512
74.30722603
78.72010545
83.67864609
85.09784627
80.08995828
84.54951694
82.94665976
84.22627047
83.29095167
83.04921608
84.75040755
82.74172891
83.93466519
73.63398069
82.20393826
82.62031279
83.01783508
77.74188656
82.08122913
83.52589538
79.34276842
79.33166449
83.51493536
81.59718255
83.08474388
84.74337326
83.29340808
80.78615316
84.50914721
80.51695950
81.79767535
81.52871545
76.98688851
80.77798523
84.17430139
84.44410697
79.50686271
83.16072380
81.14396009
81.77497719
80.57864379
82.85274575
81.86155239
83.04870517
82.66459725
80.37690771
82.78124948
80.40801219
84.53202271
82.81330026
83.47891499
80.57314840
85.05462164
84.32986910
82.62531701
82.72418505
83.62763306
84.78878630
80.16500766
80.66608883
84.01891811
83.70974318
81.58607324
83.39542558
81.91210576
78.72384142
83.44278366
87.91953444
84.54618249
84.84029812
84.06542500
81.72395300
80.71774099
78.97483260
81.59832612
84.29212901
83.66819486
80.59150567
85.73055726
82.67304770
82.37361896
83.90027072
83.16044316
84.83769262
82.95583508
77.57809248
83.03433990
82.23664605
85.93718749
