85.73522161
83.15082688
84.66878262
81.52362775
85.64771918
86.36283778
86.10676648
84.93833473
82.49012122
80.67407988
82.61983761
84.63117186
85.23776906
80.27464885
83.46019879
82.45794180
84.53126854
85.61451882
79.25951706
81.42281162
81.62194336
78.64554051
83.16551580
83.28411873
84.65553718
77.14203849
79.82481153
82.98151945
84.81030326
84.87276956
83.47504680
82.83963657
85.46095986
84.05533498
85.30028129
84.66453874
84.49842147
88.23812052
80.48472951
80.49224602
81.57672491
85.13347102
83.57889462
83.61965776
76.43363207
86.63007053
77.45365572
84.00806990
84.42145202
82.96029785
82.15554838
84.19431495
82.00076429
81.32938617
85.22441004
76.79727460
82.06293194
83.22761543
77.98247342
78.88393381
81.41708019
82.39305162
80.37378259
81.69823879
83.47311751
82.74589024
83.69794123
84.38839545
81.55173001
82.41349532
78.34075637
82.94915625
84.95015546
88.97869543
78.57667582
81.09732010
84.39768117
83.15932396
86.10911790
83.91680829
83.45904155
81.58804653
84.45924486
80.67939455
84.65957723
81.46316773
83.55477482
84.59223499
86.45748425
73.98128933
84.08129900
77.73890913
82.67470891
83.80904470
77.41138094
83.07877367
77.13435150
82.76698067
82.34913220
83.22538893
75.90866042
83.63284983
83.07356561
76.70820166
82.81711932
80.25504572
78.90027309
82.57190602
85.29099199
84.51751971
84.15051356
79.96074173
85.85177373
75.30267681
78.12798798
79.87798550
83.57940034
80.17980874
77.42390171
87.59449852
76.05792209
82.03337339
80.51154236
79.08337737
83.13100563
84.26396484
85.30864879
81.42074680
83.53231388
84.69808132
80.44659318
84.81890430
84.78286072
82.61424261
77.30416837
84.40182455
84.38067173
83.84190512
82.91352436
84.58357924
84.54934839
83.40043985
81.64217932
82.21657071
82.17320413
88.27855858
72.99133078
80.76489044
86.57850410
82.10337501
82.30105338
84.26648698
83.59184986
84.87495546
83.24647233
87.65250276
82.74755579
83.57063784
79.40818540
81.25841236
81.90188943
80.92092051
83.23086310
84.06211145
85.75222142
81.42605096
83.71547437
81.98249999
85.77522162
75.53766705
80.72994990
83.06312483
81.97254654
80.17824438
82.18514047
77.75557587
80.27101331
81.80469897
78.37200145
82.82025819
87.40591958
80.51098671
86.06077385
82.40192115
85.43402534
83.92372663
83.77993744
84.01219564
77.44572967
83.61202266
87.07341014
79.16652249
82.07302947
79.58179921
79.40922723
82.18477073
88.21952200
76.03661830
84.86705071
82.98067899
82.87532559
85.07787110
86.34879471
84.09564417
82.81848712
83.05775572
83.84024717
81.50186096
84.82289820
84.41958669
77.85304512
74.30722603
78.72010545
83.67864609
85.09784627
80.08995828
84.54951694
82.94665976
84.22627047
83.29095167
83.04921608
84.75040755
82.74172891
83.93466519
73.63398069
82.20393826
82.62031279
83.01783508
77.74188656
82.08122913
83.52589538
79.34276842
79.33166449
83.51493536
81.59718255
83.08474388
84.74337326
83.29340808
80.78615316
84.50914721
80.51695950
81.79767535
81.52871545
76.98688851
80.77798523
84.17430139
84.44410697
79.50686271
83.16072380
81.14396009
81.77497719
80.57864379
82.85274575
81.86155239
83.04870517
82.66459725
80.37690771
82.78124948
80.40801219
84.53202271
82.81330026
83.47891499
80.57314840
85.05462164
84.32986910
82.62531701
82.72418505
83.62763306
84.78878630
80.16500766
80.66608883
84.01891811
83.70974318
81.58607324
83.39542558
81.91210576
78.72384142
83.44278366
87.91953444
84.54618249
84.84029812
84.06542500
81.72395300
80.71774099
78.97483260
81.59832612
84.29212901
83.66819486
80.59150567
85.73055726
82.67304770
82.37361896
83.90027072
83.16044316
84.83769262
82.95583508
77.57809248
83.03433990
82.23664605
85.93718749
82.75441667
80.98815857
82.26372706
86.76818590
82.51172217
75.24759317
84.93333499
83.34476432
83.82544683
83.61295303
80.51080179
80.92405387
84.67130411
81.74958837
79.55336044
77.41320121
84.13661217
83.23288641
82.68559131
79.08698492
79.53273500
84.51093761
81.47959780
82.78287634
87.78247361
84.41624205
89.54278607
85.46980098
84.89566270
82.23865362
83.81290267
80.44720949
80.43163177
83.12743314
85.08304053
77.99159952
79.03219474
79.72107002
86.65766891
85.60062378
86.87148292
80.35445133
83.14688241
83.79952245
78.80231890
80.76582983
83.13409456
81.60331802
84.00423135
84.38818661
82.41497708
82.21309884
82.48083660
84.30418526
85.45057718
83.83482874
82.62343970
84.40719930
83.32655770
84.01348523
80.23532599
85.49701075
84.94524160
83.47736321
79.01291888
83.88367964
82.48714501
83.25259648
85.94879716
76.37147303
79.91357846
83.55259833
86.56202154
80.11221856
78.63386264
85.38252511
85.99019208
80.12142112
86.47876462
82.99454339
83.91328551
82.55767849
82.90842323
84.16334368
83.45264886
81.17505884
83.29399720
86.09185398
87.48335279
83.16762811
84.78202056
79.87156975
83.61587523
85.79197436
84.34069589
87.10795982
82.88374615
80.81218365
84.46195711
84.64264455
84.30164557
81.08975327
80.14980170
77.90757048
83.59413198
76.74965600
83.99310311
84.85960343
80.88490624
74.46553679
78.31807418
84.43521651
83.67371456
87.42547271
78.52961839
80.54377054
84.25812486
83.72851698
82.20654753
83.10365878
83.71744659
84.43499743
82.94890888
75.30019701
85.39213255
80.91969817
82.74511773
82.07624317
82.51574832
86.75578651
80.99598912
84.49493302
83.69499321
85.58110443
77.10118195
86.85042357
79.73751045
84.14559595
83.03799656
81.25482436
80.16111259
81.34594826
81.78011593
82.51859823
83.34108676
83.74350959
85.18863205
83.50381215
79.36749200
81.80558787
81.51192817
84.28201435
85.70170516
87.63941147
86.39173728
82.57128923
82.82377861
85.30327414
81.26571526
83.02568280
83.96779286
84.58903375
82.94683614
85.20974726
82.12518847
85.22352140
81.36657980
82.70840593
83.18629873
82.68408089
78.12566503
81.95751557
80.59245485
81.39780513
85.23447523
85.44348269
81.56460667
84.63204374
80.59866927
82.98496772
83.14866579
83.28105794
82.04460125
83.93268541
78.33893675
84.89116717
83.16107694
80.37395252
78.07308396
81.43615292
84.29770739
81.30374379
84.77942082
74.41308092
83.05966363
83.73147639
85.48869367
80.22150172
86.28292216
74.67265037
83.96797471
83.37926169
82.81170614
85.21740380
81.12611710
74.87717849
84.67037018
83.49059461
81.59480417
84.21638081
81.51317054
80.44314584
81.99819237
77.21009895
82.19910462
82.98777519
80.91040255
80.02400273
84.78043465
84.20431155
85.03705219
82.31546281
84.16431457
79.43727749
83.58514253
86.30135041
84.57506139
81.19674860
80.53273761
78.10088436
84.00664675
80.12641176
84.45372568
76.96967296
83.69913333
81.76111425
83.23505392
85.30079585
85.79863960
84.22352549
85.09683302
84.83890615
78.36452778
81.94800768
79.70907408
83.60035058
86.93214018
82.56483499
82.43661945
84.13972398
84.19188679
85.34313303
87.29101192
81.79784314
84.96733892
84.15461092
83.70345217
83.34501451
80.88499527
81.80246497
83.18632786
79.59685569
81.92072814
81.30036568
83.51206926
81.02084878
85.31658193
85.47208468
77.82217483
82.78706869
80.57467768
80.16304715
85.37011403
85.37131830
77.06997123
86.59071821
84.41895717
79.04754597
82.03863222
80.70833122
77.38873771
80.68319720
83.02171710
83.30002263
84.86226164
84.37807347
84.42687815
83.14900170
80.81745600
86.74754439
83.19759202
78.43255216
86.33354947
71.82983886
84.41603952
74.06729696
82.23700860
81.70645215
76.65030752
86.91569686
81.76664819
83.73005789
84.77655554
82.91261759
80.45281128
78.54139296
81.18291866
84.07241216
86.34381934
83.90680126
81.69613985
82.42705544
87.03059046
87.38634258
85.70504505
83.92487185
83.71209992
82.67410246
83.70230471
82.20178539
83.97317267
80.94466064
83.12004988
83.67357100
83.87776265
78.49632465
86.06816397
86.11931477
79.58874856
82.95512621
85.51434476
82.58233650
83.90252047
79.34808120
81.84916698
83.05757993
86.47809243
77.76733686
84.43666015
83.93294021
83.08335492
78.51980342
84.22322047
80.88495079
83.76783906
80.63424701
83.23160651
75.22909636
83.43251907
84.95661919
86.17046929
87.28420381
84.27460646
79.68566631
81.35826065
86.24709771
86.54447224
86.43470480
83.08259681
85.38791346
74.61890547
76.29021066
81.70563842
85.20738767
82.79312658
79.54073506
76.14984976
79.57309449
75.28055190
83.71678169
82.51424135
82.86026759
81.21965993
82.08297218
81.98926544
74.84590727
84.24407796
82.07375713
82.53714068
84.56685972
86.11021138
84.08157036
80.00244558
82.03548115
83.07878296
84.65759948
84.85678927
81.38576007
78.68665931
79.32949629
83.08103601
80.37137610
74.88356368
83.58962842
82.04867139
83.59806181
89.06971590
83.41679147
84.52583466
78.94359629
84.38473280
82.95962847
83.21993310
81.13156074
84.62775642
83.48876662
82.48323254
76.86202343
82.66572738
85.11598815
82.69674062
83.14331606
82.01743856
84.64306304
84.75410021
83.81465883
85.61448471
86.27089604
81.84006120
83.02599220
84.13436870
84.78478928
83.05908242
83.23965295
79.69441679
81.26738984
87.05563457
85.51697284
82.82407596
75.88669627
81.53791936
80.33699910
81.14108143
84.59933869
83.20335701
82.44458862
82.92440373
85.18291103
83.44718077
81.57808796
82.71304890
74.32827210
84.30759487
79.38686878
82.48602974
81.81814548
81.09507339
76.41147839
81.68059089
81.75188257
83.53199716
78.34203929
80.54511382
84.25927415
85.06459488
81.51561749
85.26324705
83.29100965
82.60199053
84.29996946
84.55535018
83.95236553
76.51871504
82.65779862
84.14639003
80.53116247
84.84838648
86.22523359
84.04241002
85.08286092
84.12876925
83.29077601
76.79057165
84.02421980
82.12385135
86.19355844
77.10014051
85.91475899
82.37425631
79.38556666
81.31567277
82.86306280
76.03669564
85.38880185
83.33747203
84.49226824
83.08161338
86.64930002
81.23204515
83.22379631
83.31634730
86.32328208
82.13670156
82.86816848
86.97176882
82.29087155
84.48149984
85.35155436
83.14946769
85.35046692
85.24912483
79.82966130
84.54803512
83.71142717
89.24018068
77.99835388
83.52492248
81.47416470
84.33273744
83.99334939
85.78994299
73.44123686
81.01701453
82.95760578
86.15145287
86.53356112
79.63196385
83.80623353
81.02390055
86.22084223
83.84780601
83.03651637
84.56216611
86.50856164
86.37966730
84.55941938
77.51771492
81.55504111
82.92703504
85.74265612
81.73560544
80.21982995
81.67512602
80.49987297
84.67433642
75.21221587
85.00229874
82.34990973
84.97569493
81.04171749
80.74382711
82.71535999
81.95728515
83.72581170
85.14156478
84.98028628
81.96125731
84.84147654
81.78257340
82.41990087
85.02311936
84.60946683
81.86980096
83.57810975
75.76077974
82.90597157
80.48328108
80.30684171
85.60054244
82.82455243
82.28969100
82.91142584
84.66448615
83.31349102
77.08583646
82.06379325
84.02183252
85.02578470
85.13379371
82.42428971
81.36263108
84.68059006
83.39206968
82.04798839
83.29991535
78.84243676
82.90790091
84.49161843
82.34013469
84.32752090
81.59714782
83.96204032
84.21559211
81.36278983
86.89423858
81.96823533
84.73996496
79.69516473
81.27270311
80.36076450
84.86124562
83.27087529
84.41937474
83.37759111
83.87778216
81.79629862
78.40950914
79.82895472
81.67381697
84.96464097
85.37548221
84.89668063
83.46970030
83.95199160
83.18612617
82.58025218
83.70544714
82.71069063
84.77796924
81.87271538
82.73738258
84.63950917
87.03709767
84.17772132
81.54813709
84.61452139
83.64578801
83.16329582
76.64862397
82.20821437
85.09907482
82.58965528
81.83519362
81.53155240
83.69079559
81.05715972
84.11024190
81.92197710
80.67690948
84.97261696
79.56784117
83.60162868
78.26890208
85.11249384
83.95400786
82.18878862
83.61626690
79.59099687
81.70401627
85.42011286
85.18996239
86.66170255
77.78392329
84.39282695
82.38175435
80.96818408
83.94479944
83.27435330
77.82590460
84.38153534
85.33499596
84.42857813
80.81581783
84.46921284
83.67576727
83.95522958
84.03344319
83.79060479
78.15224307
82.93040017
83.22739150
82.46527252
82.64542965
81.65710388
81.16951290
76.10372122
86.21043112
82.59265693
84.27587724
79.50041042
80.45527011
84.27888257
81.55321974
81.54157448
81.33132985
78.95232392
87.67802743
85.01913065
85.89713858
84.59693570
84.71504907
84.66488982
85.10694033
83.30602201
79.54426460
83.04754562
84.66542988
81.52783953
82.17875626
84.46113906
84.43554114
83.47386151
82.74750066
82.04122657
86.99661334
83.17059426
84.29615304
80.62215178
75.42789801
84.46830169
