85.73522161
83.15082688
84.66878262
81.52362775
85.64771918
86.36283778
86.10676648
84.93833473
82.49012122
80.67407988
82.61983761
84.63117186
85.23776906
80.27464885
83.46019879
82.45794180
84.53126854
85.61451882
79.25951706
81.42281162
81.62194336
78.64554051
83.16551580
83.28411873
84.65553718
77.14203849
79.82481153
82.98151945
84.81030326
84.87276956
83.47504680
82.83963657
85.46095986
84.05533498
85.30028129
84.66453874
84.49842147
88.23812052
80.48472951
80.49224602
81.57672491
85.13347102
83.57889462
83.61965776
76.43363207
86.63007053
77.45365572
84.00806990
84.42145202
82.96029785
82.15554838
84.19431495
82.00076429
81.32938617
85.22441004
76.79727460
82.06293194
83.22761543
77.98247342
78.88393381
81.41708019
82.39305162
80.37378259
81.69823879
83.47311751
82.74589024
83.69794123
84.38839545
81.55173001
82.41349532
78.34075637
82.94915625
84.95015546
88.97869543
78.57667582
81.09732010
84.39768117
83.15932396
86.10911790
83.91680829
83.45904155
81.58804653
84.45924486
80.67939455
84.65957723
81.46316773
83.55477482
84.59223499
86.45748425
73.98128933
84.08129900
77.73890913
82.67470891
83.80904470
77.41138094
83.07877367
77.13435150
82.76698067
82.34913220
83.22538893
