85.29110155
82.48400140
84.45227463
80.93609629
85.13352550
86.44759959
85.96589778
84.49448220
82.19885450
80.23319697
82.02875995
84.18580570
84.64104712
79.36886201
82.86887306
82.01594968
84.09020345
85.39870929
78.43683626
80.60720539
81.03014255
77.97170823
82.79691832
82.91766016
84.43985726
76.47055858
79.07976619
82.69139282
84.59180177
84.88226938
83.03154666
82.54850810
85.16902547
83.53188725
85.23407518
84.37406797
83.90017454
88.09743168
79.89259689
79.89900250
81.05452706
84.69353111
83.36318153
83.25163189
75.38802615
86.48780635
77.08726334
83.63967741
84.05696338
82.44661261
81.33582522
83.97653199
81.63625391
80.88548194
85.08249621
75.68149861
81.23760851
82.86544993
77.08975290
78.51768063
80.74985893
81.79879038
79.39515191
81.25778338
83.18178766
82.52919088
83.40522229
83.79600868
81.18061117
81.97163550
77.89548914
82.80882601
84.58532973
88.76111456
77.67834463
81.10670959
83.72594447
83.16885738
85.66829644
83.39545632
82.79151483
80.83996991
84.39423568
80.08926977
84.14172343
81.09867937
83.41260583
84.07295222
86.31733184
72.79150427
83.86516005
76.54830830
81.93903035
83.36767936
76.29381019
82.48397987
75.78409170
82.40341828
81.90313831
82.71010861
