85.29110155
82.48400140
84.45227463
80.93609629
85.13352550
86.44759959
85.96589778
84.49448220
82.19885450
80.23319697
82.02875995
84.18580570
84.64104712
79.36886201
82.86887306
82.01594968
84.09020345
85.39870929
78.43683626
80.60720539
81.03014255
77.97170823
82.79691832
82.91766016
84.43985726
76.47055858
79.07976619
82.69139282
84.59180177
84.88226938
83.03154666
82.54850810
85.16902547
83.53188725
85.23407518
84.37406797
83.90017454
88.09743168
79.89259689
79.89900250
81.05452706
84.69353111
83.36318153
83.25163189
75.38802615
86.48780635
77.08726334
83.63967741
84.05696338
82.44661261
81.33582522
83.97653199
81.63625391
80.88548194
85.08249621
75.68149861
81.23760851
82.86544993
77.08975290
78.51768063
80.74985893
81.79879038
79.39515191
81.25778338
83.18178766
82.52919088
83.40522229
83.79600868
81.18061117
81.97163550
77.89548914
82.80882601
84.58532973
88.76111456
77.67834463
81.10670959
83.72594447
83.16885738
85.66829644
83.39545632
82.79151483
80.83996991
84.39423568
80.08926977
84.14172343
81.09867937
83.41260583
84.07295222
86.31733184
72.79150427
83.86516005
76.54830830
81.93903035
83.36767936
76.29381019
82.48397987
75.78409170
82.40341828
81.90313831
82.71010861
74.71242791
83.56685978
82.93105507
75.59262089
82.52392372
79.66037928
78.16456040
82.20445932
85.07481076
84.07540554
83.70613006
78.98157151
85.48466661
74.18317360
77.68582394
79.21236384
82.98833528
79.81300694
76.60083175
87.60409623
74.79553416
81.81860696
80.52095615
78.41682623
82.68832301
83.82530939
85.24242782
80.98009643
83.39151849
84.25646478
79.55079780
84.67745857
84.79223149
82.32154404
76.56056218
84.11066945
84.08914889
83.47423882
82.61935568
84.36745424
84.25474177
82.73312274
81.27460810
81.32567533
81.80478240
88.28815968
71.87436342
80.01994414
86.51314232
81.73778241
82.00886494
83.82308297
83.07605127
84.43016057
82.72902323
87.43597328
82.45510868
82.97535372
78.96233033
80.81889338
81.53431825
80.26101432
82.94232167
83.76603564
85.68599050
80.90552188
83.57512189
81.53865815
85.41053973
74.03674357
80.13663399
82.69615148
81.67797990
79.43841573
81.82160406
76.93669918
79.52462700
81.43655940
77.78301140
82.07396416
86.88784597
79.68649086
85.84293870
82.11088041
84.99447462
83.47996240
83.41172860
83.94613106
76.55945201
83.31789528
86.55631081
78.57202822
81.48478557
79.06523007
78.43676970
81.81788819
88.30492123
74.99484155
84.27150817
82.53604630
82.73275831
84.55755206
86.35823515
84.02964942
82.37477963
82.84106013
83.77461888
80.98434871
84.30350499
84.27812070
77.10530603
73.49195265
78.20149195
83.23705959
85.03164024
79.42017565
84.25969057
82.57962804
84.08432030
83.07382741
82.83323468
84.45872683
82.44955636
83.79460820
72.13561532
81.76067348
82.32903571
82.57614073
76.84928383
81.78922666
83.38408352
78.44692588
78.58714088
83.22588511
80.93097300
82.48732907
84.37827861
83.00359537
80.19269346
84.36798620
79.62882363
81.35559336
81.16526193
76.32035565
80.11013850
83.73291877
84.15442669
78.62162919
82.86677279
80.55156169
81.17911010
80.43783836
82.48640752
81.18872643
82.53471460
82.29488611
79.86026594
82.41480897
79.81369327
84.09127140
82.52383506
82.95749188
80.12969769
84.91391606
84.11057895
82.26091925
82.13419817
83.26056521
84.49781080
79.79913109
80.44738569
83.87840449
83.71923346
81.14266506
82.87511882
81.39335427
77.98281795
83.22724086
87.70332201
84.63076800
84.84971235
83.99982750
81.20976047
80.12330177
78.38564938
80.54774618
83.92658838
83.15400316
80.00112251
85.29212723
82.22842082
81.70177059
83.60684506
82.49546326
84.39253173
82.43687938
76.98522918
82.06960161
81.94528334
85.94665305
