85.29110155
82.48400140
84.45227463
80.93609629
85.13352550
86.44759959
85.96589778
84.49448220
82.19885450
80.23319697
82.02875995
84.18580570
84.64104712
79.36886201
82.86887306
82.01594968
84.09020345
85.39870929
78.43683626
80.60720539
81.03014255
77.97170823
82.79691832
82.91766016
84.43985726
76.47055858
79.07976619
82.69139282
84.59180177
84.88226938
83.03154666
82.54850810
85.16902547
83.53188725
85.23407518
84.37406797
83.90017454
88.09743168
79.89259689
79.89900250
81.05452706
84.69353111
83.36318153
83.25163189
75.38802615
86.48780635
77.08726334
83.63967741
84.05696338
82.44661261
81.33582522
83.97653199
81.63625391
80.88548194
85.08249621
75.68149861
81.23760851
82.86544993
77.08975290
78.51768063
80.74985893
81.79879038
79.39515191
81.25778338
83.18178766
82.52919088
83.40522229
83.79600868
81.18061117
81.97163550
77.89548914
82.80882601
84.58532973
88.76111456
77.67834463
81.10670959
83.72594447
83.16885738
85.66829644
83.39545632
82.79151483
80.83996991
84.39423568
80.08926977
84.14172343
81.09867937
83.41260583
84.07295222
86.31733184
72.79150427
83.86516005
76.54830830
81.93903035
83.36767936
76.29381019
82.48397987
75.78409170
82.40341828
81.90313831
82.71010861
74.71242791
83.56685978
82.93105507
75.59262089
82.52392372
79.66037928
78.16456040
82.20445932
85.07481076
84.07540554
83.70613006
78.98157151
85.48466661
74.18317360
77.68582394
79.21236384
82.98833528
79.81300694
76.60083175
87.60409623
74.79553416
81.81860696
80.52095615
78.41682623
82.68832301
83.82530939
85.24242782
80.98009643
83.39151849
84.25646478
79.55079780
84.67745857
84.79223149
82.32154404
76.56056218
84.11066945
84.08914889
83.47423882
82.61935568
84.36745424
84.25474177
82.73312274
81.27460810
81.32567533
81.80478240
88.28815968
71.87436342
80.01994414
86.51314232
81.73778241
82.00886494
83.82308297
83.07605127
84.43016057
82.72902323
87.43597328
82.45510868
82.97535372
78.96233033
80.81889338
81.53431825
80.26101432
82.94232167
83.76603564
85.68599050
80.90552188
83.57512189
81.53865815
85.41053973
74.03674357
80.13663399
82.69615148
81.67797990
79.43841573
81.82160406
76.93669918
79.52462700
81.43655940
77.78301140
82.07396416
86.88784597
79.68649086
85.84293870
82.11088041
84.99447462
83.47996240
83.41172860
83.94613106
76.55945201
83.31789528
86.55631081
78.57202822
81.48478557
79.06523007
78.43676970
81.81788819
88.30492123
74.99484155
84.27150817
82.53604630
82.73275831
84.55755206
86.35823515
84.02964942
82.37477963
82.84106013
83.77461888
80.98434871
84.30350499
84.27812070
77.10530603
73.49195265
78.20149195
83.23705959
85.03164024
79.42017565
84.25969057
82.57962804
84.08432030
83.07382741
82.83323468
84.45872683
82.44955636
83.79460820
72.13561532
81.76067348
82.32903571
82.57614073
76.84928383
81.78922666
83.38408352
78.44692588
78.58714088
83.22588511
80.93097300
82.48732907
84.37827861
83.00359537
80.19269346
84.36798620
79.62882363
81.35559336
81.16526193
76.32035565
80.11013850
83.73291877
84.15442669
78.62162919
82.86677279
80.55156169
81.17911010
80.43783836
82.48640752
81.18872643
82.53471460
82.29488611
79.86026594
82.41480897
79.81369327
84.09127140
82.52383506
82.95749188
80.12969769
84.91391606
84.11057895
82.26091925
82.13419817
83.26056521
84.49781080
79.79913109
80.44738569
83.87840449
83.71923346
81.14266506
82.87511882
81.39335427
77.98281795
83.22724086
87.70332201
84.63076800
84.84971235
83.99982750
81.20976047
80.12330177
78.38564938
80.54774618
83.92658838
83.15400316
80.00112251
85.29212723
82.22842082
81.70177059
83.60684506
82.49546326
84.39253173
82.43687938
76.98522918
82.06960161
81.94528334
85.94665305
82.46179930
80.24945419
82.12266864
86.55391948
82.21982221
73.74848310
84.79235149
82.90512814
83.38396333
83.32311163
80.37102820
80.18600736
84.68082676
81.60823526
79.33619801
76.51881354
83.84515580
82.94219371
82.24795298
78.49523179
78.79151040
84.06727341
81.26188124
82.64323279
87.71642085
84.05013102
89.55214633
84.87921351
84.67908641
81.86990029
83.59796252
80.00258924
79.91188532
82.68258505
84.71769571
77.25119467
78.58768864
79.05779687
86.59184243
85.38454825
86.65459785
79.98860188
82.85500955
83.50768255
77.98951698
80.24942603
82.84204798
81.31241912
83.71528360
83.94908309
82.05101290
81.61876331
81.88970147
84.08728164
85.16033634
83.61671465
82.10203433
84.26559821
82.65910358
83.87173085
79.64384647
85.58220498
84.27351844
83.10821578
78.34682708
83.59462631
82.11908584
82.88429493
85.73256436
75.17558888
79.47213927
83.18421608
86.42070233
78.91625613
78.11890021
84.79717603
85.84928563
79.23491200
86.10673827
82.47311403
83.84776885
82.41683177
82.54235048
83.87275083
83.31216654
80.65341450
82.85432280
85.49863811
87.41710763
82.72491192
84.49062141
78.90324770
83.24872012
85.72648157
84.27469787
86.74284008
82.51890791
80.21874935
84.01451495
84.42593349
84.08431429
80.72467494
79.63764099
77.39008987
83.22713003
75.48343875
84.22987197
84.48547397
80.13806101
72.96650653
77.65191158
84.36963020
82.93337594
87.28471353
77.86453586
80.17877107
83.88781173
83.28540323
81.84108297
82.73640630
83.50085921
83.98921225
82.88273776
74.41142760
85.02690044
80.10288556
82.07401020
81.62764488
81.92044513
86.61387583
80.70325585
84.12796662
83.62910033
85.21376238
75.90583902
86.55915064
78.68987146
83.70143817
82.52298687
80.66311636
79.64333409
81.05573409
81.26396150
82.15156785
82.90182730
83.30261624
85.12347300
82.98291934
78.63049814
81.35978070
80.84204619
83.98852020
85.48407832
87.19457117
85.95103420
81.97176722
82.60805851
85.08581017
81.12469609
82.72931679
83.37378789
84.44805715
82.50602699
85.06865650
81.75742115
84.70624116
80.92236947
82.48995318
82.74233298
82.54278027
77.29794636
81.29013381
80.45051365
81.10627412
85.16857676
85.15010725
80.89017641
84.49162207
79.92335108
82.69303148
82.63027046
82.91005355
81.29838082
83.79151137
77.82030516
84.67406413
82.86819267
79.93141277
76.73150101
81.14311828
83.93136894
80.63444966
84.63794562
73.51560628
82.69300662
83.36596255
85.19612344
79.85285705
86.06653544
73.62666670
84.05232401
83.00986125
82.44480745
85.00387492
80.30579878
73.23247478
84.45357508
82.97411641
81.07640232
83.54172143
80.83975351
79.92224731
81.55867356
76.30975647
81.90817038
82.24539945
80.31741437
79.58310938
84.48947214
83.83850608
84.74438242
81.79913263
83.87220252
78.84124768
83.29207027
86.16042753
84.20661499
80.59993055
80.31562614
77.20398102
83.33586930
79.45335515
84.31160267
76.00448232
83.17649270
81.31712549
82.94184045
85.08358186
85.73279795
83.70448674
84.80464707
84.47005070
77.61759547
81.20017243
78.96509002
83.30659778
86.79014709
82.19824553
82.14329283
84.07406505
83.97460469
85.35253632
87.30049137
81.58093410
84.67622459
83.78970928
83.11333855
83.20534956
80.28990983
81.28433466
82.82087471
79.45767064
81.55361054
80.63275281
82.99322663
80.35456560
84.94694011
85.48158482
76.77296063
82.72189216
80.28068474
79.19787065
85.07630798
85.07914049
75.94568775
86.60017248
84.35324328
78.60617396
81.82248092
80.19070038
76.49485835
80.24083812
82.50850785
82.93340050
84.64658752
84.46306489
84.28629257
82.93384992
80.30015200
86.45498053
82.98251301
77.61416119
86.34304236
70.33297887
84.12562589
73.02878692
81.26329932
81.03558172
75.83411904
86.85013303
81.55181508
83.07153722
84.48620471
82.39299637
79.93488214
77.95091737
80.66453034
83.55667527
86.42862783
83.76698174
81.48038685
81.68011737
86.88986971
87.32089965
85.71440457
83.56113417
83.27043427
81.77673554
83.41454215
81.60647379
83.75496295
80.42241379
82.75437557
83.45712566
83.43671068
77.22229767
85.92639220
85.74828874
79.14918832
82.88960082
85.14857105
82.21269872
83.68652364
79.05794579
81.55506616
82.76323741
86.33596863
76.87139075
84.29452440
83.49236460
82.64075877
78.15312265
83.55740013
80.13856283
83.47723618
79.66275987
83.01680984
74.18957412
83.21679418
84.73980393
85.80267310
86.91848468
83.91118184
79.17158078
80.61668795
86.10708565
86.47898758
86.51971558
82.48602253
85.24637636
73.49568044
75.40133936
81.41473779
85.14164390
82.42712617
79.17306189
74.95750062
78.74845417
74.39087686
83.65096032
81.84376210
82.34469704
81.00215519
81.33459380
81.69969187
73.87596868
83.64876478
82.00753510
81.79811682
84.27562162
85.59060516
83.71387439
79.25493719
81.59253723
83.01317858
84.59192729
84.41463985
80.87420126
78.09745828
78.35505372
82.56213960
79.93005823
74.06653062
82.91953979
81.53599223
83.08168909
88.85282039
83.12509385
84.08133475
78.20164311
83.79054472
82.14053175
82.70039866
80.46349867
84.26006736
83.19648143
82.19105899
76.19161004
82.29793954
84.90151518
82.10056873
82.85302446
81.56834709
83.83202110
84.16037709
83.37674474
85.39894372
85.98084451
81.54703280
82.58520778
83.91734939
84.56703997
82.92014497
83.02171926
79.02010177
80.29293784
86.99010295
85.45117914
82.16224037
74.69873124
80.86993893
79.74566399
80.09589674
84.08374880
82.76355401
82.30299001
82.55703899
84.81465974
83.30559994
81.13380546
82.72244277
73.36175534
83.56380609
78.94481986
82.04359641
81.14576434
80.64873043
75.22542446
81.08989307
81.23838730
83.16347761
77.37118046
79.79830984
83.58331471
84.92506055
80.84633421
84.96953798
82.84861419
82.30865292
84.08187918
84.11736411
83.81143049
75.39794626
82.36462254
83.92990344
80.08781234
84.40456096
86.15961275
83.75278354
85.01726631
83.76230159
83.14810794
75.66595978
83.66022363
81.83160455
85.59622709
76.27898300
85.54892008
82.08276606
78.72045730
80.72135077
82.64710220
75.36887953
85.24789537
82.67321528
84.20278867
82.63920822
86.58347647
80.56790980
82.55763145
82.94962688
86.18294082
81.77310713
82.42237133
86.75570219
81.85192997
84.26730961
84.98376370
82.78397714
85.13506331
85.03295328
79.16278729
84.25544586
83.64561560
89.17408452
77.18565856
83.30973616
80.87875353
84.26691222
83.62351588
85.64903645
72.10632389
80.64864010
82.51624029
85.70568212
86.54310887
79.26404097
83.43468106
80.80878495
86.15567367
83.40053183
82.74302862
84.12234024
86.51805323
86.23713339
84.56888347
76.25459403
81.11476554
82.48153068
85.30128480
81.66971691
79.62193574
81.30822642
79.67820878
84.30502916
74.40060211
84.70910405
81.98528511
84.75967151
80.53055354
80.14941335
81.88809875
81.58897760
83.35973938
84.77623599
84.76489922
81.59787509
84.39520667
81.48974284
82.12791524
84.88151076
84.24229766
81.42749359
82.98168540
74.40527451
82.61407101
80.19082042
79.03547399
85.38576822
82.38315662
81.92184385
82.76970386
84.44696832
82.94721703
76.04023325
81.69674928
83.27877888
85.11093294
84.76893491
81.98117200
80.92360887
84.54034058
82.95010005
81.98280925
83.00627977
78.10266589
82.61620871
84.42572539
82.12346186
84.03733122
81.07683897
83.52249980
83.77751871
81.37229316
86.82905813
81.75076986
84.21277484
79.10537518
80.75409540
79.61884917
84.87074940
83.12993886
84.35368426
83.31174690
83.50933590
81.42817570
77.89154550
79.16265454
81.23253857
84.82250633
85.15720257
84.60872939
83.02685410
83.65869719
82.36791051
82.13498134
83.41475001
82.19463409
84.71185245
81.35873112
82.51917529
84.57413196
87.04656211
83.88430248
81.03178298
84.54896210
83.20185509
82.79479195
75.75283045
81.61698213
84.73112035
81.99931379
81.54267234
81.09271349
83.25071202
80.76484852
83.67150387
81.02850093
79.93724890
84.75649407
79.19884169
83.38714924
77.67860980
84.97240317
83.81369395
81.59369961
82.79596547
79.37496253
80.87755778
85.27974214
84.97351115
86.21695376
77.11701900
84.17667698
82.01009333
80.30334316
83.87852321
82.68308413
77.15690068
83.94000656
84.96756679
84.36277433
79.70513954
84.47870582
83.16060110
83.66251298
83.67029336
83.34747703
77.25725822
82.18465924
82.86089013
82.24782120
82.20432539
81.36597950
80.80467559
75.20739339
85.99411506
82.07332996
83.98784434
78.90929269
80.01474713
83.83680338
81.18586938
81.02439171
80.43847074
78.28962698
87.30740634
85.18023124
85.60457700
84.38005682
84.42279477
84.44812703
84.74070070
82.62919621
78.72507632
82.98222315
84.52541638
80.56387874
81.20877470
84.24410539
84.14298738
83.18340323
82.45300269
81.07413135
87.08165630
82.42963257
84.08025684
79.95302940
74.15599905
84.47766169
76.69622722
84.03067872
84.33759918
84.06238055
87.16654004
83.47461019
82.97234196
80.90114359
74.97518348
83.82123144
82.35080002
78.18865295
83.73596258
86.99410749
76.55369830
84.11994428
81.91689501
83.42865891
81.34300963
82.57805625
84.26173061
79.39988727
86.57187103
82.67839055
83.20396282
79.48231260
82.85812478
78.71921756
83.64924432
85.21349539
85.28960159
80.32710425
83.11961913
81.00007281
84.49351828
84.09661700
85.28589474
83.76328054
80.66987841
74.30868219
81.00185629
81.60031360
85.12415883
83.28009852
78.18023735
86.18058501
84.80352490
83.67911495
79.72905125
81.95619916
80.54899679
84.24475029
85.27943646
84.57738026
85.84975318
85.32269148
84.66560677
83.73589751
88.99866895
84.74163720
84.46671362
79.08550437
82.24161980
81.53691509
82.88803496
85.29170927
86.60942335
84.64826076
86.03075744
85.61266005
80.61346471
79.13911993
83.59881856
81.62489269
80.65943824
83.36064987
74.55905473
83.47993202
80.62444344
83.48412333
83.72793285
82.41979491
83.89630801
83.17981200
76.22824233
80.77178661
80.68325731
81.20096757
85.30016084
82.73129093
83.45431568
82.52597462
82.59121829
83.33725790
83.74505752
83.61121764
82.02570758
82.70037906
86.06823677
82.23336224
80.86591939
82.42631467
84.82098607
86.06242933
84.00405771
80.90002438
83.13786817
84.25027061
80.89356562
82.61293599
81.06528352
85.08929398
76.62308313
77.30602452
79.68386991
81.21000346
86.66565018
84.11452441
81.46858883
85.65484104
83.17649270
82.95446416
83.50010988
71.42366892
81.00473709
72.71001929
83.81691037
84.71077872
82.31552116
82.53755495
84.48483097
82.98454400
74.82535664
84.89581633
83.18438226
83.68607742
81.36724982
82.03590885
83.50581543
76.10389414
81.89433986
79.12455619
79.72140316
82.62462189
82.85173915
83.09559105
80.83595561
82.14495715
80.09688265
81.05675693
82.82616175
74.93184554
85.48473968
82.91340477
84.26512318
83.00919492
85.54333201
86.71356565
82.68361081
85.64868556
75.25766984
87.77655469
82.11650064
84.36983036
85.90614065
84.15552490
83.33032828
82.85887063
77.92269365
78.01659750
81.73985374
83.25721781
83.54539363
82.63519046
81.99200646
83.78212330
82.24986477
75.06542623
81.62346269
79.64009173
75.43493706
81.61555555
83.79408402
80.33049561
82.52423204
83.58922488
76.47484649
83.34456683
82.62419781
83.64225421
82.10392807
83.85711886
82.05780652
82.41149111
82.47566732
85.93995448
82.45147227
79.97589174
85.91885022
82.98485204
84.08758705
84.28252417
85.30026339
77.58753865
80.29171430
82.06198523
80.77647433
81.17938152
80.39730947
84.56474952
81.97135643
74.31594036
82.91693076
86.46225901
82.51419561
82.96944224
85.10015617
80.97194681
72.30930220
84.05326373
80.42527882
83.79903275
82.65673020
83.68222179
78.14077071
85.81511015
80.90097248
80.53135476
84.87146042
76.74506624
79.47089458
78.90125568
81.55250784
85.32069286
77.78414513
83.85958908
82.98461080
83.36794097
78.97684095
84.67516977
83.42622710
83.18411374
83.00880031
84.27645215
74.53141664
80.71005208
79.34415290
83.28859670
86.74349978
84.03656104
74.74160391
79.65300959
84.33721064
83.41598356
83.33146000
85.26776154
83.07834757
79.80789458
79.78908246
81.42674360
84.45545576
83.70566689
81.59772660
84.40081587
83.55981063
81.12227915
85.44990580
85.96919761
84.69760435
80.13218162
74.48886739
85.37796385
82.72260545
84.07809987
83.74095718
84.09797390
82.01851704
80.54439887
81.64020221
82.51686993
74.73651168
80.61247619
83.80163818
86.53442458
84.70022850
83.58548446
82.39290045
71.30947824
82.93774240
84.76286994
85.42858953
85.40870535
83.87992790
83.09822996
75.20590555
85.48301352
78.38319815
80.73060290
84.78799305
81.07067783
77.49741080
78.75349259
81.18400292
82.61225867
78.55563657
81.95272238
82.39205185
82.07771560
81.40646700
81.25965953
79.90003213
84.48455440
85.86220854
81.47341677
82.18745957
80.82410194
82.97699884
82.84486368
80.63749318
81.96931891
83.27811380
79.51955083
80.97837564
74.56186778
82.41545816
82.79019353
77.47653704
83.00237822
82.84287785
83.14886086
85.95331146
84.87248031
84.69002989
80.78706175
79.16484172
83.91252173
81.65637510
83.44722724
83.34779687
82.04102293
84.69836774
84.44697081
84.17539470
82.92601251
85.53761207
83.91343992
78.62559148
85.10598342
76.94829382
78.78476604
86.06169158
83.95440567
80.63830342
82.54518267
81.56669147
81.33544157
83.42700402
83.53246630
81.90899879
75.39996260
80.98611347
82.89765681
87.58575131
85.46858082
88.36492916
77.45490673
82.24268943
78.26013800
85.19043913
83.97328842
82.21778258
83.10768087
83.95313129
75.85923780
80.59424554
77.66628450
85.49247000
85.66616143
85.03997435
83.84033064
82.91523864
71.38459485
81.99375111
86.22318705
80.94343334
84.53585412
73.36726703
79.85405145
77.28931183
83.75985881
82.36177823
82.55606821
82.07819994
83.26734189
82.12278622
85.21882865
83.91532449
77.90663685
84.32822241
82.62117798
82.05368430
87.61754175
71.47269818
85.45183102
83.21135326
82.82213689
80.78094896
80.87223071
84.58938263
83.76504079
85.31051036
81.38112209
75.76761006
82.44967522
83.67721932
82.37255983
80.99296132
82.74118838
84.57487354
84.87778200
80.67573700
81.45582072
83.77647899
81.43685200
83.02455142
79.83946660
82.63879816
82.81418842
82.41955615
84.69295856
80.98524656
83.90611335
83.70857485
72.24952597
82.16063550
84.74068791
81.09736518
81.27772468
83.24793606
81.48228260
84.45499552
83.44067549
88.52159661
79.88806566
86.57879443
81.81148437
84.17703297
86.57788102
83.84948427
84.40916471
81.64972832
85.01888575
77.96441207
83.31844549
80.87904144
85.07444484
84.02786918
86.71853312
84.77281381
82.20189607
85.70515214
74.83035908
81.12570599
81.61382443
80.65940152
76.75151212
81.96103045
80.71037644
81.98883149
80.41046625
82.74880694
83.32804494
81.35258308
81.71902576
86.03678020
81.62673451
85.07014805
82.47947530
84.88412137
78.35271438
84.27115703
85.27704253
85.02709949
87.86290482
80.85082985
84.52362977
85.48184850
85.64670564
83.76909265
83.96127262
81.92726770
86.20118875
82.30713678
80.90982508
79.11947024
83.99421223
81.83834670
75.91319113
82.65186911
81.40000296
83.69899121
79.21706805
81.81506039
74.57692850
83.12285156
81.90842329
72.64801223
82.88746901
78.00373963
86.24510744
85.55991154
84.37319980
83.52153531
80.60562203
84.42089441
84.40914126
78.51642122
85.39651787
85.18263257
81.17975594
82.57636157
79.62280406
83.22724743
78.26511246
86.33596360
82.46936777
86.32882906
81.28435448
71.25279440
83.33523575
82.08418806
75.03494037
83.64748080
84.47391682
89.34325337
84.36554331
77.40833277
75.75102858
83.11584729
81.45266048
86.20916284
83.14704526
77.45623160
85.39216743
81.18159424
77.55245308
80.36799499
82.51332284
81.20655766
84.44258890
83.32499136
82.14640829
77.09218191
81.61119113
83.33055099
83.10746687
82.96460665
84.05880839
83.81337778
78.50528565
82.69821031
80.50341512
84.62889754
80.51372502
82.67683263
84.31444601
81.16132406
84.36063834
85.31179913
83.58951438
82.80265492
82.85122828
82.29934861
82.52754963
75.30217449
84.11104427
83.70885394
79.85086786
83.07497450
84.67911355
85.96208889
84.98638344
81.30959740
84.48510808
83.45523061
82.64598094
82.15571407
85.95442352
84.62907969
85.47933661
82.29446603
86.06973799
77.81478490
84.43702927
81.36801982
83.60951069
80.24649362
82.17086353
82.21265937
84.98386605
82.65059067
81.96723138
85.10890705
83.56127021
78.42638682
85.25324444
80.18429953
81.68320425
81.41060065
82.90678028
77.81556272
83.56903798
82.10149014
83.29364600
78.84335099
80.25807775
84.88727935
82.92719662
79.74103918
81.83681941
86.93228737
82.76758277
84.17051832
73.26154148
86.00914783
83.66906843
79.20720194
80.06469050
81.78614763
79.74904268
78.65438484
80.01937056
82.19603397
83.71455716
84.74295890
84.76508426
81.73912443
82.17369053
83.31643467
83.06922149
86.24574624
74.50803854
80.75773203
82.54157287
85.10871224
81.13428801
86.03281287
85.44531777
76.96892800
79.45067096
79.43055044
82.00182859
81.85972621
84.10037885
81.18713348
83.78502524
78.32871921
82.95966266
81.99603552
78.55819697
74.85457694
84.17489211
82.93126830
83.62082686
82.87896532
84.55314255
84.31776714
82.54057714
81.60846034
84.47904864
84.57912591
85.77700374
84.03839502
86.51108886
78.59512278
85.92976566
81.16939657
81.03528040
78.05854696
84.16683514
83.82357226
80.01678589
83.36623931
78.57450214
81.31578392
83.41588651
85.06233824
81.20768102
84.98159619
85.78325815
82.19426187
85.88899522
75.64645349
83.91321186
82.58324245
78.22397106
79.90803437
79.68541784
79.13928910
84.07086970
81.50473252
82.03914383
82.40869987
85.52165430
85.76833009
82.20229289
81.56377870
78.89162690
83.61629061
76.21416278
85.07470855
81.31768886
81.11559154
82.40761168
79.21101825
79.66209275
82.28574237
83.51129367
83.12650724
83.92124194
80.03006894
77.64135303
82.63606854
81.13911465
80.94925022
82.51334591
82.33706857
83.06277663
80.92898580
69.43892394
86.50601169
77.85860387
82.06795882
81.68433190
80.79481660
83.31909122
82.53592417
83.93776404
83.20096219
82.46906029
85.80605472
83.15052918
80.87923222
78.55783793
87.46676990
82.08303103
85.34035026
83.51289272
80.38985032
80.69616084
82.19245295
82.64759821
81.79536966
81.48474171
81.47435868
78.30217082
84.58643936
77.78998876
81.06680137
81.68108843
81.01315193
82.42024431
85.33539171
81.54744546
83.24884909
83.12557203
82.75589943
81.00858411
80.98274879
81.88340862
83.24661954
81.61979228
83.14582451
80.24643823
82.07849616
75.02014267
82.89302206
75.55342437
85.64870738
80.89479562
81.24921343
77.11711225
83.31236729
83.24318138
85.20021213
77.00053475
82.09633398
83.27058779
81.00906478
80.68365742
73.07557863
84.49335745
80.36282416
84.23611275
83.14439754
83.21333897
78.15386020
81.96154478
80.41047281
82.21237470
78.01908607
86.46643731
91.57334216
81.79913161
85.22413870
76.97048401
82.11430893
86.86259028
81.40708091
74.07842219
82.23431061
81.95928470
84.01212891
81.77991501
76.02696342
85.27742750
84.35690530
82.94915355
77.02112978
82.37538223
73.72629780
78.67507783
79.34173807
83.27157309
75.61705065
72.04971207
77.16837207
87.44196915
86.26433372
85.50175389
81.03825013
85.27521471
82.91388288
78.89345413
84.52273865
75.67573426
82.39319590
82.06977085
82.19635761
82.37267648
82.76221300
86.41600698
84.07342426
86.21490184
81.17312378
82.46688845
75.77948549
75.71151587
80.08767748
80.27131011
84.45219492
78.90799848
86.44534626
84.05391439
82.21145711
83.63085701
81.05475455
75.36457164
81.71764405
80.45671870
81.99093869
83.12018595
83.58842654
84.62003893
84.22481996
85.20509130
82.31715424
81.29335524
84.59193148
78.65327531
85.26923367
83.53472161
84.45902460
84.43143768
85.43344123
78.46936794
84.39424943
82.92459856
75.53517376
84.29122008
80.22330151
79.88490904
77.21255122
80.65976313
82.63195881
82.41797010
85.82339333
80.95596264
84.09424899
83.25032227
70.88181075
76.52242803
83.22533286
82.61810952
83.02282344
86.38479168
86.15821930
76.48940180
78.60577466
83.04744304
83.06997119
86.42190669
87.02232558
84.91963411
81.18983996
84.51767697
85.59900314
77.16756556
81.79812015
83.66846008
86.06839427
76.94202479
79.71991873
80.33602752
81.99675585
81.64002242
84.05139237
77.33879418
84.24951626
82.20780598
83.47387348
76.85971712
84.89850466
80.39467845
84.55836047
82.57266481
82.78195731
84.49282875
85.18930617
83.51684073
84.90466261
83.44299245
83.60875021
79.39452263
83.78761294
83.13697901
81.81281143
83.80843401
83.68976926
77.25958458
85.72117837
84.90717791
84.23512433
81.70049950
80.51322839
81.15436954
84.50497906
82.63806688
86.75278044
81.63748618
83.99742709
81.09118453
76.42205294
83.28853311
86.03557216
77.01155715
75.04587756
84.24164395
81.18545256
86.36553814
83.20590277
84.03011390
83.23724958
79.39803705
82.30873250
82.09438528
83.08207581
82.03392972
80.37659315
85.45935890
86.27370891
86.12858633
80.73762280
82.62462189
86.05922384
85.73575531
81.87370958
80.58041516
84.98457861
85.81511750
84.49232149
78.98547277
83.96372800
83.97569181
80.59078119
81.52218687
83.01789040
81.25897257
82.69260721
79.95200872
81.98052162
83.39767964
79.02482559
83.78992728
77.55052630
86.23308103
80.15236907
79.78527449
82.66715783
80.06795384
85.64929114
85.13441952
85.04783004
81.54379210
80.46386741
84.65164089
86.24702436
83.21668081
82.39705277
84.67098745
83.08535605
83.57368502
83.39258119
84.10118410
86.73331024
82.18840382
81.73175522
85.26916412
77.69046122
84.87209819
77.75678685
82.98676941
83.59673052
75.28733111
77.64356296
82.54770722
82.86492826
81.67472718
85.32136242
80.05991008
83.28481918
76.50721262
80.85913737
82.62681674
86.47411564
81.70437212
77.22400662
80.95427977
81.51576700
81.69044177
79.27219206
80.65520990
84.59578082
86.17358275
82.39004078
81.08611188
82.78770620
76.08525484
84.27338724
80.80996434
85.23176453
80.84125176
80.63245271
84.23119371
82.13048631
82.68153770
84.09400614
82.98291934
85.07991792
83.01622736
85.20512377
83.74392804
82.76025037
81.11196412
83.13080169
79.70869902
80.74025004
84.80702104
79.83451656
82.49271002
82.50135988
81.95036248
82.30286665
81.37764923
86.20273935
88.03929360
77.48918110
81.65240978
82.70645242
81.75839705
83.42456952
83.21834714
82.90273807
85.50396276
81.44262996
80.06450544
83.33468046
84.21866256
84.49138198
83.20504936
88.22125859
78.98652630
75.95575026
79.92643819
82.36592890
79.28923221
85.04783004
84.80660315
75.16940037
77.79900120
78.91116603
80.21843554
80.80565568
84.84505799
82.62897067
78.60044370
82.86874937
81.62774960
81.14218459
83.28367158
85.30898015
81.59856333
82.72019501
86.97132373
84.95773619
80.42311647
76.11583512
82.30808898
79.91288615
81.63954814
80.06029735
81.26244179
81.36079611
82.77791352
78.27386298
83.69727288
81.64380515
77.43885444
81.18053098
84.32616459
83.85742837
84.83968694
77.98143975
83.32907470
81.75560613
80.53449417
85.26168045
81.26704328
80.96848955
82.85435002
77.92080200
84.04116720
86.40714775
86.40047241
82.53387280
81.68772142
83.15871571
82.02553515
79.37049500
85.97740006
81.08033367
84.38979482
74.97276450
83.78479879
77.68792044
80.89752428
78.89442349
80.68580737
80.57900910
83.11187463
79.92006490
82.94127544
81.07034552
83.30830537
76.56632514
83.01679507
79.85621059
84.08506558
82.41549573
82.98250916
85.72966945
83.13344737
82.72078877
81.74405334
78.45883040
83.38464111
84.33893081
82.18255447
83.84497062
77.27311093
83.09903886
81.07236882
82.95114530
84.23466234
82.58366761
85.93074248
81.46131466
81.99993170
73.50964056
83.94961666
82.12942560
84.87521612
83.94075336
81.80015156
84.11159257
84.49916440
84.79700903
83.81912657
80.73434278
84.47656033
83.18231530
81.15996856
69.69753089
84.49201206
80.29319777
81.80866653
83.00951318
84.80021782
81.29322554
82.29586908
80.96687794
81.17484630
84.33401325
81.70370887
85.31838282
78.33621537
79.63821650
87.05908194
80.90982508
82.08307822
85.10639005
82.24347222
83.36406779
82.84763702
81.80590440
84.08618501
74.76354029
83.14308226
75.98137475
86.84514888
82.86284470
79.16222064
71.80187034
84.28003462
84.66367329
82.92862463
83.58747754
83.66484818
77.99432806
75.68099762
83.78828515
84.11625463
83.63009398
83.21769405
81.95471873
83.56017418
78.96001036
75.33675286
83.37313771
81.62723800
78.33805208
77.38594854
84.78356559
84.12340806
82.13704812
84.82441387
82.30710543
82.32359217
78.57632350
81.90693369
86.39061577
79.47316695
80.44896779
83.09176040
87.09682265
81.52262303
84.64051418
84.67071869
82.73947822
81.39833280
86.00439214
85.99246014
82.43498897
75.84898724
83.25359644
74.10303114
84.49624371
84.83854675
81.73257017
80.55923391
79.83875232
79.65571154
85.33133199
81.40269670
83.80768612
85.14953113
82.83710163
81.66156618
84.65419363
84.01969585
84.28707084
85.73535807
78.86456560
81.27460810
84.77433464
82.09106049
83.89169769
79.21510835
82.94276298
83.00579717
83.75793772
82.62745496
75.28011769
80.35818272
83.09181102
80.92812020
85.43437415
83.07608953
82.02173055
85.39583909
81.97468564
82.72841590
81.58113055
81.97387257
83.22232528
84.50225722
81.92799515
85.00104100
80.81546473
80.23363738
81.69501228
82.69048636
82.71082933
81.96873723
79.75220726
88.25028693
75.75219810
85.04965858
84.84013875
81.09216185
81.48886161
77.50346679
83.62139112
77.96703461
83.48723835
83.20654594
79.64352395
83.03180506
82.32268894
81.50194211
85.07937679
86.14094852
78.25063909
73.44110348
82.79008783
79.39759589
80.16262964
74.44799992
82.72237719
83.05217374
83.63588726
82.71879048
80.42333878
85.46287572
82.38607856
86.63412569
80.23609088
85.42024313
82.93743038
79.56839549
81.79382427
83.93314306
84.34114208
86.19479210
81.28889419
84.93951288
82.04977659
82.73476223
81.34277584
82.92001972
84.66849359
86.11095609
82.68678410
81.03606966
82.17711042
83.21834714
83.31480747
83.32636533
81.57945114
80.29156872
86.59934185
82.69567694
84.41007393
81.21037207
84.50557094
80.93842883
78.54798645
79.41540902
80.94593610
81.01205276
84.20765415
86.02629426
79.25115936
84.07005896
79.92976010
83.80228469
84.54113141
84.35551353
85.71787950
81.58154588
83.05269821
80.53473123
81.06457050
82.80733536
81.28979800
81.05036826
82.91046057
85.02541471
85.09663856
85.15751287
84.25992410
78.97353481
80.42795379
82.90305791
82.50856340
84.59411853
82.45463475
80.75559701
81.84310308
72.41948015
79.18833863
82.72799651
81.01583097
82.49583881
84.94225123
84.95975322
86.23457095
84.33047537
76.19917588
80.69624843
84.42824003
83.64957001
83.90094882
79.66692982
82.60745442
83.08305802
83.39603521
82.18786298
81.11782862
79.32000919
83.59703455
82.43645195
81.96715514
82.68944597
82.80969729
82.67891733
84.15469820
84.07781762
81.73526827
81.82428546
79.29146887
84.03216398
82.16170284
85.46622386
84.30158127
81.38547928
84.86236258
74.19143818
81.24875587
83.86052474
83.75711633
82.42752889
83.73198685
80.65828970
82.21145711
79.53680592
79.69000913
81.39441983
81.90673860
83.04106058
79.38924866
82.76067499
78.71460968
84.15801991
84.57106293
84.04958179
81.02141033
85.25665898
76.46872775
81.26704328
84.56596441
84.30956574
74.21439988
73.14442837
83.79495622
84.59592860
84.17591985
83.31379301
82.26702709
82.60803670
83.89963548
85.05343086
81.69795107
79.48199084
80.80651867
73.00889662
80.75534994
81.60518946
85.00829654
77.66529665
83.40242696
80.20074341
83.06510097
78.81639082
81.19336733
74.43282603
83.76413068
78.02885661
84.24247937
82.60195480
83.01474426
84.87671687
81.20877470
83.55140376
83.76628824
83.92453274
86.86338735
84.00837416
76.97155741
83.92777241
80.69413925
80.19062077
81.47654486
83.19984306
78.97327981
83.52618306
83.54918478
78.54673458
85.95006810
83.65755739
80.20579852
78.12409070
84.99151537
82.88369196
84.92972864
77.81627682
87.56082023
85.98625498
80.98345489
83.94007230
73.51621907
86.06465593
78.68651950
83.21768326
82.81068038
84.18932748
79.22357575
81.28646291
80.09413560
80.31360132
85.01553552
87.42609131
78.13998415
84.52313670
81.19006683
80.98776007
82.46459800
83.54350820
86.18702407
83.11937327
82.88185516
85.16182686
75.12151178
84.18583669
84.69611614
82.21673435
81.39629715
79.02238704
80.22308717
84.56309298
79.39116299
82.69626040
83.82766217
80.59575903
75.10715922
78.00578715
82.05820805
72.14495498
82.81870281
83.15370917
78.87465540
78.83654508
78.04131791
81.54633693
80.82680167
84.13434268
83.17044562
81.92493359
83.46285778
74.64896723
83.83421998
76.54736111
81.64392916
85.25383993
81.71720734
80.99199916
74.48980522
80.39773285
84.37483287
79.04035608
84.86735166
83.74546091
84.34804463
82.52283569
85.00948016
81.85074646
85.08866803
81.12892712
82.17344938
79.53151449
83.23388605
78.36801803
86.76669390
85.41544774
77.50671852
80.55398767
81.08283665
83.15732316
83.85325414
82.61657724
84.52810013
84.59062768
82.34579477
82.97562070
80.36643385
84.37254414
79.99921624
81.82912790
83.08187489
78.63160603
80.55620627
79.72049056
72.77323152
84.07731752
81.21885057
85.42122167
84.15587970
84.33835678
81.31251233
81.94462814
76.69703211
80.34172742
79.65352835
82.28994024
80.36535556
83.91351031
83.09431233
83.02602235
77.99321546
83.10967946
80.12110112
82.49506907
83.80983950
84.48373505
82.39227513
83.86195996
81.16199757
76.06747972
80.62696019
76.74380216
83.93377817
75.98929521
84.14224073
76.86288726
78.62068345
79.49832744
82.23118913
80.07285092
83.84974753
83.93110859
84.89591212
81.51837826
81.41649519
84.95003455
82.99635871
75.06283382
83.37715199
82.81144133
81.10294998
79.29379088
82.99493008
83.61961889
79.58960803
82.74553389
84.57142400
82.25305996
83.63515089
81.62579536
83.67063367
82.94052211
82.57795373
84.07701147
81.69936110
83.14263927
85.62669345
83.25458176
80.37248921
82.85854935
82.31481074
84.99245921
82.32918960
85.84367522
75.76678825
83.91739073
79.48304730
81.57583031
80.54377630
83.85328312
84.45944436
82.24233176
85.18711693
83.12328050
79.83914055
83.34403314
82.91075440
75.25214760
85.37559677
83.10649263
82.21433735
80.87196974
81.65367026
84.07248856
82.79888809
82.21194222
78.81392417
84.65119777
87.26852453
81.96291392
82.45322729
82.75895660
81.89289561
87.53046613
82.19505624
85.78423193
79.46652977
86.06208986
82.65711244
80.03341034
83.24192695
82.13800815
75.97433886
79.57006111
86.05955922
79.47876819
77.95093609
84.80260490
83.86114422
79.79589758
81.37812016
80.57066053
83.13741147
80.49406822
78.50698776
84.26702126
73.68925537
83.25485276
80.85945011
84.59709237
78.54260804
78.69028329
78.82047854
82.33054330
85.18697441
82.77838927
85.10426205
83.75226319
80.35451231
84.07946087
76.95161613
84.11180194
81.71672919
81.69526373
81.21665213
81.34924528
84.87561804
84.63399872
81.35029541
73.12556822
82.83503878
79.53326884
82.60287239
73.89005184
82.57640103
73.49882809
82.95293546
84.88031105
81.93246538
83.85401763
83.50901306
81.51310593
82.93577863
86.50584809
81.99614323
84.07731053
80.70467406
80.57133364
80.85258009
83.36306185
83.99023293
82.04900680
85.41632899
82.91430518
81.54010120
85.35708579
82.44242248
82.21192088
83.33415005
78.86086505
77.78500715
85.07370080
83.95335189
80.29145099
81.85513112
82.80058993
75.02067418
82.72976202
85.07306987
82.15886483
81.52017099
82.77873466
82.30408756
82.29402841
84.58562875
83.20716093
78.99848391
85.08902863
81.70636009
84.16251343
83.39983396
82.25422025
82.59473240
81.29269809
80.26394544
78.25126462
79.22357575
74.51122790
76.46532950
80.82656308
79.52766694
81.75888589
82.62552745
83.15044781
80.06569313
85.11331472
75.40437389
83.61992361
82.92074649
83.68957963
76.58383851
82.41834999
80.89079134
82.92696255
79.94915623
88.34300524
83.87404165
78.29656010
83.65045143
70.98588608
84.72232355
83.71723791
81.61773234
80.86595969
80.68410323
83.42451151
82.75031297
78.90258234
84.20784249
80.24065443
81.44119427
84.81797751
84.89813549
82.39147952
76.49334681
81.45587377
86.61667708
81.81229050
80.69844170
83.26657556
76.47244122
76.34668555
83.53039690
83.68362811
82.36425874
78.01894544
85.35844475
78.23800158
81.11467027
86.76841440
84.59317573
82.03479377
81.05281788
79.98598894
83.30648025
84.69388596
84.87833114
81.56484441
84.06776933
73.21833923
81.21946702
78.56422897
76.13325692
85.63494273
80.07874510
86.51202951
80.49873819
82.28056184
81.23948235
82.47113370
84.40948925
83.70378354
83.35759857
77.90932800
84.56277222
84.68970284
83.41390108
82.12950998
85.48167914
82.32630242
73.98240213
79.71476667
86.34874770
84.25265077
81.83424861
84.57161526
80.75822007
83.77925399
82.84829445
85.17717223
80.23496673
82.32313685
79.77876124
77.99026377
84.53763214
81.10646348
78.09230590
83.46357054
85.43637322
80.90437517
81.23089740
72.73299737
84.76238395
79.66755716
81.72876424
83.73124510
80.96433610
79.18932981
80.50146856
83.71455716
82.73743101
71.97273083
81.02063763
82.28619551
83.90971217
83.43889818
82.78065573
83.13653572
85.15781957
83.93587443
84.02251195
86.39241960
86.25248965
84.95033955
86.05031001
85.84741333
81.67728925
82.36936558
82.18145828
84.67369231
84.00091920
81.40357139
81.82654170
86.37059016
80.70278117
76.11110453
82.71429515
80.99947723
82.26447004
82.07350766
84.62594162
77.95381452
81.44302564
83.85660666
85.09928786
74.02398177
80.14062498
82.69346186
82.79273405
78.63465132
84.51959095
78.82946255
79.60423163
82.83638672
85.75802585
84.00533765
84.24640615
78.34827283
83.57170206
83.61331103
86.57713261
83.03912001
