85.29110155
82.48400140
84.45227463
80.93609629
85.13352550
86.44759959
85.96589778
84.49448220
82.19885450
80.23319697
82.02875995
84.18580570
84.64104712
79.36886201
82.86887306
82.01594968
84.09020345
85.39870929
78.43683626
80.60720539
81.03014255
77.97170823
82.79691832
82.91766016
84.43985726
76.47055858
79.07976619
82.69139282
84.59180177
84.88226938
83.03154666
82.54850810
85.16902547
83.53188725
85.23407518
84.37406797
83.90017454
88.09743168
79.89259689
79.89900250
81.05452706
84.69353111
83.36318153
83.25163189
75.38802615
86.48780635
77.08726334
83.63967741
84.05696338
82.44661261
81.33582522
83.97653199
81.63625391
80.88548194
85.08249621
75.68149861
81.23760851
82.86544993
77.08975290
78.51768063
80.74985893
81.79879038
79.39515191
81.25778338
83.18178766
82.52919088
83.40522229
83.79600868
81.18061117
81.97163550
77.89548914
82.80882601
84.58532973
88.76111456
77.67834463
81.10670959
83.72594447
83.16885738
85.66829644
83.39545632
82.79151483
80.83996991
84.39423568
80.08926977
84.14172343
81.09867937
83.41260583
84.07295222
86.31733184
72.79150427
83.86516005
76.54830830
81.93903035
83.36767936
76.29381019
82.48397987
75.78409170
82.40341828
81.90313831
82.71010861
74.71242791
83.56685978
82.93105507
75.59262089
82.52392372
79.66037928
78.16456040
82.20445932
85.07481076
84.07540554
83.70613006
78.98157151
85.48466661
74.18317360
77.68582394
79.21236384
82.98833528
79.81300694
76.60083175
87.60409623
74.79553416
81.81860696
80.52095615
78.41682623
82.68832301
83.82530939
85.24242782
80.98009643
83.39151849
84.25646478
79.55079780
84.67745857
84.79223149
82.32154404
76.56056218
84.11066945
84.08914889
83.47423882
82.61935568
84.36745424
84.25474177
82.73312274
81.27460810
81.32567533
81.80478240
88.28815968
71.87436342
80.01994414
86.51314232
81.73778241
82.00886494
83.82308297
83.07605127
84.43016057
82.72902323
87.43597328
82.45510868
82.97535372
78.96233033
80.81889338
81.53431825
80.26101432
82.94232167
83.76603564
85.68599050
80.90552188
83.57512189
81.53865815
85.41053973
74.03674357
80.13663399
82.69615148
81.67797990
79.43841573
81.82160406
76.93669918
79.52462700
81.43655940
77.78301140
82.07396416
86.88784597
79.68649086
85.84293870
82.11088041
84.99447462
83.47996240
83.41172860
83.94613106
76.55945201
83.31789528
86.55631081
78.57202822
81.48478557
79.06523007
78.43676970
81.81788819
88.30492123
74.99484155
84.27150817
82.53604630
82.73275831
84.55755206
86.35823515
84.02964942
82.37477963
82.84106013
83.77461888
80.98434871
84.30350499
84.27812070
77.10530603
73.49195265
78.20149195
83.23705959
85.03164024
79.42017565
84.25969057
82.57962804
84.08432030
83.07382741
82.83323468
84.45872683
82.44955636
83.79460820
72.13561532
81.76067348
82.32903571
82.57614073
76.84928383
81.78922666
83.38408352
78.44692588
78.58714088
83.22588511
80.93097300
82.48732907
84.37827861
83.00359537
80.19269346
84.36798620
79.62882363
81.35559336
81.16526193
76.32035565
80.11013850
83.73291877
84.15442669
78.62162919
82.86677279
80.55156169
81.17911010
80.43783836
82.48640752
81.18872643
82.53471460
82.29488611
79.86026594
82.41480897
79.81369327
84.09127140
82.52383506
82.95749188
80.12969769
84.91391606
84.11057895
82.26091925
82.13419817
83.26056521
84.49781080
79.79913109
80.44738569
83.87840449
83.71923346
81.14266506
82.87511882
81.39335427
77.98281795
83.22724086
87.70332201
84.63076800
84.84971235
83.99982750
81.20976047
80.12330177
78.38564938
80.54774618
83.92658838
83.15400316
80.00112251
85.29212723
82.22842082
81.70177059
83.60684506
82.49546326
84.39253173
82.43687938
76.98522918
82.06960161
81.94528334
85.94665305
82.46179930
80.24945419
82.12266864
86.55391948
82.21982221
73.74848310
84.79235149
82.90512814
83.38396333
83.32311163
80.37102820
80.18600736
84.68082676
81.60823526
79.33619801
76.51881354
83.84515580
82.94219371
82.24795298
78.49523179
78.79151040
84.06727341
81.26188124
82.64323279
87.71642085
84.05013102
89.55214633
84.87921351
84.67908641
81.86990029
83.59796252
80.00258924
79.91188532
82.68258505
84.71769571
77.25119467
78.58768864
79.05779687
86.59184243
85.38454825
86.65459785
79.98860188
82.85500955
83.50768255
77.98951698
80.24942603
82.84204798
81.31241912
83.71528360
83.94908309
82.05101290
81.61876331
81.88970147
84.08728164
85.16033634
83.61671465
82.10203433
84.26559821
82.65910358
83.87173085
79.64384647
85.58220498
84.27351844
83.10821578
78.34682708
83.59462631
82.11908584
82.88429493
85.73256436
75.17558888
79.47213927
83.18421608
86.42070233
78.91625613
78.11890021
84.79717603
85.84928563
79.23491200
86.10673827
82.47311403
83.84776885
82.41683177
82.54235048
83.87275083
83.31216654
80.65341450
82.85432280
85.49863811
87.41710763
82.72491192
84.49062141
78.90324770
83.24872012
85.72648157
84.27469787
86.74284008
82.51890791
80.21874935
84.01451495
84.42593349
84.08431429
80.72467494
79.63764099
77.39008987
83.22713003
75.48343875
84.22987197
84.48547397
80.13806101
72.96650653
77.65191158
84.36963020
82.93337594
87.28471353
77.86453586
80.17877107
83.88781173
83.28540323
81.84108297
82.73640630
83.50085921
83.98921225
82.88273776
74.41142760
85.02690044
80.10288556
82.07401020
81.62764488
81.92044513
86.61387583
80.70325585
84.12796662
83.62910033
85.21376238
75.90583902
86.55915064
78.68987146
83.70143817
82.52298687
80.66311636
79.64333409
81.05573409
81.26396150
82.15156785
82.90182730
83.30261624
85.12347300
82.98291934
78.63049814
81.35978070
80.84204619
83.98852020
85.48407832
87.19457117
85.95103420
81.97176722
82.60805851
85.08581017
81.12469609
82.72931679
83.37378789
84.44805715
82.50602699
85.06865650
81.75742115
84.70624116
80.92236947
82.48995318
82.74233298
82.54278027
77.29794636
81.29013381
80.45051365
81.10627412
85.16857676
85.15010725
80.89017641
84.49162207
79.92335108
82.69303148
82.63027046
82.91005355
81.29838082
83.79151137
77.82030516
84.67406413
82.86819267
79.93141277
76.73150101
81.14311828
83.93136894
80.63444966
84.63794562
73.51560628
82.69300662
83.36596255
85.19612344
79.85285705
86.06653544
73.62666670
84.05232401
83.00986125
82.44480745
85.00387492
80.30579878
73.23247478
84.45357508
82.97411641
81.07640232
83.54172143
80.83975351
79.92224731
81.55867356
76.30975647
81.90817038
82.24539945
80.31741437
79.58310938
84.48947214
83.83850608
84.74438242
81.79913263
83.87220252
78.84124768
83.29207027
86.16042753
84.20661499
80.59993055
80.31562614
77.20398102
83.33586930
79.45335515
84.31160267
76.00448232
83.17649270
81.31712549
82.94184045
85.08358186
85.73279795
83.70448674
84.80464707
84.47005070
77.61759547
81.20017243
78.96509002
83.30659778
86.79014709
82.19824553
82.14329283
84.07406505
83.97460469
85.35253632
87.30049137
81.58093410
84.67622459
83.78970928
83.11333855
83.20534956
80.28990983
81.28433466
82.82087471
79.45767064
81.55361054
80.63275281
82.99322663
80.35456560
84.94694011
85.48158482
76.77296063
82.72189216
80.28068474
79.19787065
85.07630798
85.07914049
75.94568775
86.60017248
84.35324328
78.60617396
81.82248092
80.19070038
76.49485835
80.24083812
82.50850785
82.93340050
84.64658752
84.46306489
84.28629257
82.93384992
80.30015200
86.45498053
82.98251301
77.61416119
86.34304236
70.33297887
84.12562589
73.02878692
81.26329932
81.03558172
75.83411904
86.85013303
81.55181508
83.07153722
84.48620471
82.39299637
79.93488214
77.95091737
80.66453034
83.55667527
86.42862783
83.76698174
81.48038685
81.68011737
86.88986971
87.32089965
85.71440457
83.56113417
83.27043427
81.77673554
83.41454215
81.60647379
83.75496295
80.42241379
82.75437557
83.45712566
83.43671068
77.22229767
85.92639220
85.74828874
79.14918832
82.88960082
85.14857105
82.21269872
83.68652364
79.05794579
81.55506616
82.76323741
86.33596863
76.87139075
84.29452440
83.49236460
82.64075877
78.15312265
83.55740013
80.13856283
83.47723618
79.66275987
83.01680984
74.18957412
83.21679418
84.73980393
85.80267310
86.91848468
83.91118184
79.17158078
80.61668795
86.10708565
86.47898758
86.51971558
82.48602253
85.24637636
73.49568044
75.40133936
81.41473779
85.14164390
82.42712617
79.17306189
74.95750062
78.74845417
74.39087686
83.65096032
81.84376210
82.34469704
81.00215519
81.33459380
81.69969187
73.87596868
83.64876478
82.00753510
81.79811682
84.27562162
85.59060516
83.71387439
79.25493719
81.59253723
83.01317858
84.59192729
84.41463985
80.87420126
78.09745828
78.35505372
82.56213960
79.93005823
74.06653062
82.91953979
81.53599223
83.08168909
88.85282039
83.12509385
84.08133475
78.20164311
83.79054472
82.14053175
82.70039866
80.46349867
84.26006736
83.19648143
82.19105899
76.19161004
82.29793954
84.90151518
82.10056873
82.85302446
81.56834709
83.83202110
84.16037709
83.37674474
85.39894372
85.98084451
81.54703280
82.58520778
83.91734939
84.56703997
82.92014497
83.02171926
79.02010177
80.29293784
86.99010295
85.45117914
82.16224037
74.69873124
80.86993893
79.74566399
80.09589674
84.08374880
82.76355401
82.30299001
82.55703899
84.81465974
83.30559994
81.13380546
82.72244277
73.36175534
83.56380609
78.94481986
82.04359641
81.14576434
80.64873043
75.22542446
81.08989307
81.23838730
83.16347761
77.37118046
79.79830984
83.58331471
84.92506055
80.84633421
84.96953798
82.84861419
82.30865292
84.08187918
84.11736411
83.81143049
75.39794626
82.36462254
83.92990344
80.08781234
84.40456096
86.15961275
83.75278354
85.01726631
83.76230159
83.14810794
75.66595978
83.66022363
81.83160455
85.59622709
76.27898300
85.54892008
82.08276606
78.72045730
80.72135077
82.64710220
75.36887953
85.24789537
82.67321528
84.20278867
82.63920822
86.58347647
80.56790980
82.55763145
82.94962688
86.18294082
81.77310713
82.42237133
86.75570219
81.85192997
84.26730961
84.98376370
82.78397714
85.13506331
85.03295328
79.16278729
84.25544586
83.64561560
89.17408452
77.18565856
83.30973616
80.87875353
84.26691222
83.62351588
85.64903645
72.10632389
80.64864010
82.51624029
85.70568212
86.54310887
79.26404097
83.43468106
80.80878495
86.15567367
83.40053183
82.74302862
84.12234024
86.51805323
86.23713339
84.56888347
76.25459403
81.11476554
82.48153068
85.30128480
81.66971691
79.62193574
81.30822642
79.67820878
84.30502916
74.40060211
84.70910405
81.98528511
84.75967151
80.53055354
80.14941335
81.88809875
81.58897760
83.35973938
84.77623599
84.76489922
81.59787509
84.39520667
81.48974284
82.12791524
84.88151076
84.24229766
81.42749359
82.98168540
74.40527451
82.61407101
80.19082042
79.03547399
85.38576822
82.38315662
81.92184385
82.76970386
84.44696832
82.94721703
76.04023325
81.69674928
83.27877888
85.11093294
84.76893491
81.98117200
80.92360887
84.54034058
82.95010005
81.98280925
83.00627977
78.10266589
82.61620871
84.42572539
82.12346186
84.03733122
81.07683897
83.52249980
83.77751871
81.37229316
86.82905813
81.75076986
84.21277484
79.10537518
80.75409540
79.61884917
84.87074940
83.12993886
84.35368426
83.31174690
83.50933590
81.42817570
77.89154550
79.16265454
81.23253857
84.82250633
85.15720257
84.60872939
83.02685410
83.65869719
82.36791051
82.13498134
83.41475001
82.19463409
84.71185245
81.35873112
82.51917529
84.57413196
87.04656211
83.88430248
81.03178298
84.54896210
83.20185509
82.79479195
75.75283045
81.61698213
84.73112035
81.99931379
81.54267234
81.09271349
83.25071202
80.76484852
83.67150387
81.02850093
79.93724890
84.75649407
79.19884169
83.38714924
77.67860980
84.97240317
83.81369395
81.59369961
82.79596547
79.37496253
80.87755778
85.27974214
84.97351115
86.21695376
77.11701900
84.17667698
82.01009333
80.30334316
83.87852321
82.68308413
77.15690068
83.94000656
84.96756679
84.36277433
79.70513954
84.47870582
83.16060110
83.66251298
83.67029336
83.34747703
77.25725822
82.18465924
82.86089013
82.24782120
82.20432539
81.36597950
80.80467559
75.20739339
85.99411506
82.07332996
83.98784434
78.90929269
80.01474713
83.83680338
81.18586938
81.02439171
80.43847074
78.28962698
87.30740634
85.18023124
85.60457700
84.38005682
84.42279477
84.44812703
84.74070070
82.62919621
78.72507632
82.98222315
84.52541638
80.56387874
81.20877470
84.24410539
84.14298738
83.18340323
82.45300269
81.07413135
87.08165630
82.42963257
84.08025684
79.95302940
74.15599905
84.47766169
