62.3712123659
56.4098568898
62.6883861302
59.2283988700
60.0589141947
58.1090219759
65.7155394669
61.2416132345
59.5042885531
62.8773999516
56.3652884455
62.4776971971
59.1448869615
60.2501991238
54.4571916966
58.0200399903
67.3966993275
68.7633637449
61.5171204408
56.0222989757
54.5433379137
45.4029587768
53.2221397988
58.3165827240
64.5536154257
47.2500644021
54.5652980062
61.7760310830
59.7240016076
63.3331058365
57.8714720966
58.9287667552
66.6599951472
60.6663247085
74.0770034447
65.6435249975
70.5641990171
69.7588087860
54.3624526027
64.4428572179
57.6667290100
57.8822365328
55.5267969528
59.9118609011
57.1663262143
66.6798644848
49.0853030107
58.9171730568
57.2651305912
57.2691884770
57.6516145191
62.4191116819
55.6869273652
52.4471764244
56.2630321114
42.9611859769
61.4402795816
57.2117706742
53.0172365047
45.9935529898
60.7812253790
58.4396909221
52.6233769659
60.6752660342
53.0150553845
59.3681839065
54.5666198894
60.5256349466
56.7722555588
54.2786874975
49.3195947904
54.8746020968
67.0192611790
60.4004920310
64.0217157870
60.9856683563
60.8415157834
58.9758455795
55.2832748598
49.8659201806
54.8116492680
51.2998509077
60.7785119155
57.2580242786
58.6301938811
56.9855555844
63.9925961641
66.1026142083
60.2371656168
52.9143462652
62.5125157375
55.8314410386
56.3692407261
60.4649931736
44.5585598576
50.4559147897
51.7447529477
59.2760169558
55.6044647660
54.6642239769
51.6270517668
54.4110680030
54.7371519241
55.0938929215
57.2768886461
56.7185851143
56.7732653426
63.6275819613
67.8651444470
56.7391561368
55.6530996219
54.5710492947
61.6540817057
45.8862204989
51.5579512923
54.2211025571
51.9818324431
61.6207927350
50.5764693241
63.8820849132
57.7498273853
54.1201834300
60.3851564970
51.6868229022
60.7437816765
65.6327741688
62.7228267935
53.6752839468
57.4643808092
63.8498539932
56.6764653113
62.1491752288
66.1107538422
55.1280067240
49.5559075689
57.1663262143
61.9735698092
56.3242530427
58.8995102640
63.7758995984
54.3290926358
60.6220083967
56.9358664676
59.7938259027
58.6926712437
64.2671592377
50.5800181134
62.4450086117
58.0273045892
58.3153998410
54.4937806727
56.9091511228
55.8190526164
64.4897415118
50.3178671822
62.8834919557
62.7798145470
57.0370898455
53.0107798477
53.4790466092
59.5255153774
52.3800370602
59.3610195906
63.6780279386
58.2156839782
54.9401589921
61.7106544073
53.6129635367
64.9160653260
57.7101026621
53.1736854205
50.3192492648
61.8975388753
53.1414067673
55.5558555951
40.8824846259
54.3681947587
59.2365017606
49.1681604323
53.9115108511
61.4591078454
56.2955219178
63.1587518013
62.0884239651
60.1920459754
54.7902934595
63.0716486873
58.7764746816
49.0159772926
58.8017001175
63.1167066100
55.6800479317
64.9430023229
57.6433685024
56.0348959539
58.3279530663
61.1356728490
45.4589155672
60.2875473505
53.6098343249
63.4921544599
64.6446571882
70.5988291382
53.8003773299
57.9474072800
61.1682339798
60.2843550247
56.7460166026
68.2126467034
52.2806026250
44.4968681519
46.1560871687
54.4409134817
63.6697318406
59.8443091865
63.0724407090
55.6106603457
59.4128566716
62.0021469918
55.3275021196
59.3716504531
64.4833589109
57.3781989487
56.4002181623
44.4288291019
60.3368353231
58.2953333265
55.4458105669
50.7240937544
53.8776466389
64.6261898189
48.8857661590
60.4891361695
55.3794013443
61.3059062504
66.1606666203
62.4742095872
58.7113750154
56.6715027567
56.8342420012
59.6006352125
54.0019422972
60.0100320102
54.6929430527
58.0627171005
63.5761570982
62.5751333672
56.5705655204
62.9585201450
59.3802107587
51.6383436628
55.4833087896
64.3749737487
61.5769779322
62.8401833552
56.3554670076
52.5806320540
59.3798741516
60.0427561511
58.1987830953
54.0568806261
59.2713259635
58.3851457335
61.8983233378
62.5704080665
58.3077423939
58.5943420453
57.6569277161
58.2718765618
46.0071282969
48.5072518960
55.8211106637
59.8220477725
50.6811386287
57.7026468996
61.9983517142
56.5316674559
51.6137582556
60.5687264518
60.7064449622
58.1920609995
60.7771834363
61.0882584695
57.6673266270
55.1413000454
52.7947603744
56.9877772979
59.6590214996
59.4453366056
59.2913718279
52.0453113911
60.1240202426
60.6674680587
59.8796815877
57.6145806500
60.0140350244
59.0182713848
51.9319554230
57.0441830029
66.7296715774
55.9146150151
47.7397712628
52.0712610824
66.2534406338
55.5833299073
46.4075688396
56.4732304594
56.8919229692
60.4832940689
59.8274483958
61.4354150151
62.8304968033
59.8739861589
49.1353647078
50.5092548968
51.5543212365
59.8489087602
62.6790443583
49.6764996670
55.3790392288
61.3059062504
50.5477051545
58.7794492842
58.0505780419
57.9072150372
59.1078762439
63.2632532010
65.9049212695
59.8354078688
56.3117583141
62.0013289427
60.6227727419
54.4136303761
50.4738438004
63.3927190043
55.6770348576
63.7932306942
57.2462639803
66.6721734412
66.8432216150
59.1799610027
54.2275631463
58.7769582416
58.6199093460
55.2615967070
52.1526769075
56.6572912416
57.8967257547
61.7322768857
60.8336842320
55.7249205861
55.7722257350
60.2007979285
58.8255203309
64.7258216056
63.0139175440
54.0731219069
56.0093541673
57.6738075897
63.8470007176
51.2241961200
58.7346132331
66.2017287400
61.1152982682
55.3668957241
55.4761692815
57.5297116883
67.8543637394
61.8004317920
52.5341435051
50.0831688734
57.3610900193
63.8117640748
54.0022794498
57.8883742255
66.6182309934
68.3775951343
53.8798723273
63.0716486873
58.1816395834
55.6604625310
58.7437249315
64.3469431174
56.3117583141
56.6332130620
53.6600434385
57.3996414274
65.5062333206
64.8919847408
54.2226487580
68.7329096702
53.3838606680
61.2278093137
60.7237483636
65.5486923667
53.2156960472
53.7497615115
52.2374047597
58.9667334392
54.9798819410
56.9719992627
52.0584949403
55.2142043773
57.8589762620
60.7339275043
53.5206300410
57.6285303179
59.5872740131
64.3632424735
54.7671521391
55.2485912264
57.6908319883
60.4988562953
67.6321027182
51.8295142483
61.8748735715
58.3769541143
56.1747205693
54.9445645242
61.5111541951
53.6932578330
60.9582983426
60.1429050278
49.7580742056
63.5536403670
55.8785647969
59.0788082851
54.2369950829
62.7684810779
63.5435443129
54.7024371999
66.4101151634
60.8077551242
62.3102355170
50.2987314969
63.4816038675
41.0710020546
53.0537980266
60.4825760849
55.9927368072
55.2142043773
60.9375164418
60.4649931736
55.7542983759
61.7101786195
59.1148610163
63.5956806405
59.4168462295
55.8939118357
61.0348389624
58.4856512638
56.4237560813
55.3222357443
62.9473941054
62.9929457779
48.9652827598
54.2270679419
56.9969553722
54.1356240778
52.3528068669
56.6292088898
59.2057961062
54.0467234497
63.5332649910
62.4766241330
69.5737911203
56.7526221762
56.7935701588
62.8877414823
58.7556815962
60.1190268265
60.3822904676
55.8000127486
61.0757512284
58.4462901272
55.7613508341
58.5321821937
68.3438886675
53.7521883710
61.0528967596
54.8862007689
57.9719312235
59.7540688496
58.8857859623
53.7675774290
55.7797762196
54.4433459108
55.3727492037
45.5382518730
59.9658335124
66.3022283293
50.0188689864
62.9152976398
53.9996421709
53.3929084541
61.5308995947
60.4988562953
58.5467599137
57.1002997386
53.3378285098
60.7072697658
61.1537482843
54.7205540250
59.3519561252
55.6465022121
50.0605830551
54.7124931519
67.9609659197
56.2897035980
57.0343414411
53.9250281986
52.5536244674
61.3695172113
45.6247319557
58.8484778601
60.5952513506
54.9821147627
61.9737993163
61.2961194077
59.1805441561
60.2639706126
61.8357165867
62.8139160342
51.0885389435
68.0765239460
61.7568378758
65.2974128579
48.7944585800
54.0145231084
48.8185533866
59.4459802282
46.2602993422
61.3778677972
54.0488385806
59.4580503318
57.2981961104
52.1772003991
58.3463845850
59.6695114627
55.4768016795
65.6258902432
62.2823677626
58.5617338212
59.9721000319
52.0761397028
64.9986280048
62.2726910117
59.1806404682
58.7215935709
60.3048225839
59.7255274365
56.0444614000
70.5496848513
51.5176215984
64.5642518320
62.2360071126
52.9356946268
62.1280139182
53.5211099105
55.1795392708
55.4522510853
52.1718417548
55.4401453042
54.6891740858
50.9281901623
50.6406445069
63.0776639641
61.8551953660
56.6836657730
58.3266014562
57.1352362161
47.1775152982
59.2398564206
62.8576704316
49.5494213548
68.3571872292
59.2852998187
57.7372030799
64.4320596020
50.1562391079
43.6415404303
44.7837959532
56.2408537641
60.6902378862
55.9804530077
63.3965743714
55.9577851344
57.5047138444
62.2284435955
57.9852798408
59.1960728628
52.8007064632
66.1374502528
46.0536920214
59.1960728628
52.1289514068
53.9504361720
59.4745021367
57.9401201603
63.0473550475
58.6870607155
63.0401892279
54.7097276394
61.0973346221
56.8474480428
53.8483861415
53.4753764514
58.5688710281
63.6549582809
63.1434091670
54.8284517372
60.6212761412
63.9216067617
58.1090219759
59.9383697402
50.0405739047
58.0088651744
51.5423564873
57.6951726239
55.2839288205
64.9991441404
53.2560782082
63.1443355418
61.7831797439
49.2081568180
57.2747104083
58.0965929407
63.2267503572
44.6081981361
60.8351838137
56.1186573119
54.7371519241
58.3387255943
51.9585009921
60.8261667708
60.7880568029
61.7201095909
47.1757288427
62.8873136588
51.4971102701
65.1639776714
49.8434474329
59.8579086652
54.3290926358
59.0760567227
48.8425393347
50.1305485661
55.0154263746
62.0196620953
57.2371919601
59.8021279938
66.6028689166
56.1875801197
49.6131034597
69.2915529527
61.1345731868
66.8809410784
63.5231452936
53.0562839278
56.9229429967
50.6263401137
50.6715457005
55.9550170692
70.0593307003
56.1720577445
59.7010576655
41.0472767300
45.0253486778
49.8247452030
63.5962926777
60.5514540548
47.2901729327
56.6633563780
62.1282778302
50.3389013532
51.4725017899
65.4007386872
59.0206922180
56.4891995012
62.4003953405
53.7468016973
57.5659799151
52.8728966395
54.9411354387
66.0123901509
69.1277854956
58.6603624989
56.1010148131
56.2989231041
59.2138685545
51.8509922986
59.5024855747
55.8423723327
56.5288332324
66.1146398226
54.9269902685
66.8334211800
55.4581557855
55.5273821423
54.0644496396
61.8567824654
56.1194153836
58.2196224938
57.8326256179
67.0588868940
59.6746762581
54.9917047536
54.1435155976
64.1604753348
63.9296638471
56.3250976278
57.2388461427
60.6478235035
67.3507360515
60.4037369282
56.7527830902
61.7557342198
65.7188611758
49.7925570462
54.6736693761
58.5091242228
58.7264536607
62.1599903892
56.0059966954
59.1448869615
62.9703191497
63.4926844221
57.7299395004
60.8574784085
55.2939571706
59.2298734653
62.0172389894
66.6350420163
61.4345505913
58.9250404127
55.0673662169
61.8586117409
63.2276382578
63.1055240445
55.7376395753
55.9044657245
45.4160358523
60.9507166664
57.1722565362
57.8640978716
64.3387341134
52.3800370602
49.8152926054
62.7326699604
51.2754321720
56.2674558899
55.2975814095
45.2272228425
60.9325389247
56.8594810063
55.9961845345
68.8380322737
56.4669141977
52.2324843949
65.4962777441
60.1167777111
64.1181143685
53.0292354080
58.2047625786
64.6521947344
52.4007301566
65.2335694244
68.0293805649
57.8872335996
64.1429211591
60.9856683563
57.5334947159
52.1031417240
65.3008504018
57.2936317289
64.7539827805
51.7122697752
62.8883362598
61.8727711243
50.0634010560
61.1519937086
64.6752411683
53.0107439740
62.6338872456
55.6126899688
57.7775693028
65.7783544889
68.1276664506
54.1920036820
63.6154917044
55.2331578655
67.7682662966
65.4451990494
59.1893755199
60.7359960239
58.2809614009
55.7525798731
58.4915338616
52.3127383215
59.1019863027
59.4454938961
59.1318287057
59.2944521574
61.0278124591
66.3437183196
48.7759181531
63.2176461019
53.2551730614
62.9422618678
58.0088651744
65.8771673483
47.9313236496
59.6915902544
54.6698909333
59.4252649892
59.8411429467
58.8159253125
62.8575686177
55.4156489505
68.2310729273
56.7184808920
58.7306941112
62.7864537802
62.1240221233
61.2231575160
62.9097737016
56.0283716788
59.1318287057
59.8051089184
64.1270703595
60.7187073621
51.5866760900
60.8334321673
49.8152926054
54.4193150772
46.0752079301
58.0552338763
57.2410194071
59.9596171723
53.2742324902
53.1602318127
52.8765415286
57.4667054142
57.5512291871
55.3683214429
57.7770262808
55.6467789026
62.8243700029
62.7798145470
60.9009439335
61.3169719615
64.0580358271
58.8205218509
66.2307318672
48.8948846360
63.6572253330
62.9987465540
52.2613428646
62.5659958307
64.2963548513
49.6397289861
62.6483786616
63.0829954822
61.6575825045
60.9366385626
61.7267982735
60.4674811821
58.0417963027
59.3370748997
51.3685454728
57.4687431899
60.4267779091
60.9914094161
54.4958555142
61.5198155643
57.1993386150
57.5443562296
57.0357092363
59.7520146005
61.0991973892
54.5209919318
59.7965498706
61.3675761014
59.5799163854
66.4840364988
57.4395064460
57.7008288154
57.3079280004
60.6993466470
46.1865531571
66.1608089501
52.1597961392
59.1260823555
55.2293656856
54.5071508274
58.1520710603
53.2474225877
57.2910860726
59.6811537452
57.4544807993
63.4204705810
60.2768446429
61.2077853560
65.2103035553
60.1484269774
67.5699919813
65.2225083756
57.5690537136
57.2462639803
54.5770340922
60.7696789037
65.7792821909
60.0204454682
63.6856252740
55.6281905620
61.0545086904
58.0583966393
55.6465022121
55.3284160327
60.6306546346
58.9977208230
60.6375862629
51.1480734456
60.3631907270
60.5512037577
63.7751476371
56.0703318345
53.4956448891
58.1002523898
54.8029110698
54.1776057675
53.3472506360
53.2065136779
62.7507094684
60.7839135849
57.1086092649
54.7769952083
49.8979808191
52.4714658530
53.4696740376
57.0026775358
66.5627177964
66.6942020479
59.6278690103
58.9944212275
59.8939844977
57.1873752158
59.0680318710
50.7011029258
55.9344010375
63.9159983625
61.2257102565
57.9311580517
59.3481910552
58.0022918453
56.2323210351
58.0121222758
58.2914598827
57.1416764935
62.3200458659
59.2170459070
54.9337538264
59.7278679268
52.9002433659
69.4404976361
47.8261087917
54.5332545098
59.9428823615
58.7488221660
57.1019314568
56.8474480428
60.2395922738
58.8064182197
54.3290463527
60.9109864048
57.1629269133
72.6047360351
63.0864651001
57.8504136121
60.0600128309
65.4727903894
58.0386463077
60.1015834453
52.7176304342
53.8102242267
63.6437426280
59.1799610027
60.3772557826
63.8404011104
56.7943057313
61.0083539293
58.6267321560
59.4545146057
53.6598696515
65.0834006850
56.2148369448
56.7591837976
59.6032731680
61.7004746126
52.6145421333
