62.3712123659
56.4098568898
62.6883861302
59.2283988700
60.0589141947
58.1090219759
65.7155394669
61.2416132345
59.5042885531
62.8773999516
56.3652884455
62.4776971971
59.1448869615
60.2501991238
54.4571916966
58.0200399903
67.3966993275
68.7633637449
61.5171204408
56.0222989757
54.5433379137
45.4029587768
53.2221397988
58.3165827240
64.5536154257
47.2500644021
54.5652980062
61.7760310830
59.7240016076
63.3331058365
57.8714720966
58.9287667552
66.6599951472
60.6663247085
74.0770034447
65.6435249975
70.5641990171
69.7588087860
54.3624526027
64.4428572179
57.6667290100
57.8822365328
55.5267969528
59.9118609011
57.1663262143
66.6798644848
49.0853030107
58.9171730568
57.2651305912
57.2691884770
57.6516145191
62.4191116819
55.6869273652
52.4471764244
56.2630321114
42.9611859769
61.4402795816
57.2117706742
53.0172365047
45.9935529898
60.7812253790
58.4396909221
52.6233769659
60.6752660342
53.0150553845
59.3681839065
54.5666198894
60.5256349466
56.7722555588
54.2786874975
49.3195947904
54.8746020968
67.0192611790
60.4004920310
64.0217157870
60.9856683563
60.8415157834
58.9758455795
55.2832748598
49.8659201806
54.8116492680
51.2998509077
60.7785119155
57.2580242786
58.6301938811
56.9855555844
63.9925961641
66.1026142083
60.2371656168
52.9143462652
62.5125157375
55.8314410386
56.3692407261
60.4649931736
44.5585598576
50.4559147897
51.7447529477
59.2760169558
55.6044647660
54.6642239769
