61.75456013
55.79857875
61.51220778
58.60649756
58.88742890
56.39369202
64.53604466
60.04113461
58.31444156
61.70692515
55.17853121
60.74445306
57.98358678
58.42333742
53.83747389
56.88268870
65.66559446
67.07766402
59.80776107
54.87479932
54.47488253
44.78606346
52.04151106
57.15439947
62.85156724
47.73693988
53.93903668
60.61285129
58.00401972
62.18893291
56.70404690
57.77581579
64.96146309
59.47886428
72.32136014
65.01504834
68.79546001
68.06927208
53.74499202
63.25729938
55.90505651
57.27523821
54.34883406
58.75984108
55.45594938
64.95402318
47.91450081
57.75622723
56.09108018
56.67262519
56.48860640
61.24239474
53.95961143
51.83467583
55.06328266
43.44470333
59.69287143
56.06786668
51.85572160
45.38047439
59.59778109
57.79419818
52.55380066
59.48714338
51.86132028
58.20248599
52.82351299
59.91211174
55.63801869
52.55473962
49.24928966
53.17553498
65.30506395
59.22021059
62.27413534
59.24453144
60.19558782
57.23082589
54.67504905
49.23760303
54.20783058
50.67662342
59.61156573
56.08462101
58.00979648
55.84200364
62.23744777
64.37061929
58.52841968
51.72772597
60.80274826
55.22979123
55.76841030
59.30875770
45.04216525
50.38754037
51.67571477
57.53599940
54.44220989
54.05261744
51.55802508
53.26733209
54.11449330
53.39612613
56.10694003
55.54222129
55.60253842
62.43028928
66.15593686
56.11698560
55.05207069
53.94443975
60.49170826
45.26922009
50.39789006
52.55478278
50.77482805
60.45691825
50.50680921
63.25890330
57.13873903
53.49259005
58.67241460
51.06085363
59.02838817
63.93511223
61.55164530
53.06500707
56.28778130
62.68041277
56.04283108
60.97192058
64.40034113
53.93673464
48.94196548
56.54832078
60.79690320
54.61262741
57.74445821
62.00431395
54.25936962
59.42941263
55.22602709
58.64654581
56.96810649
62.52753763
49.39634270
61.28483483
56.88934542
57.13904191
53.30125344
56.83978631
56.29396255
62.71993951
49.13853789
61.15400220
61.60127318
56.40576111
52.40687939
52.33860936
57.84044454
51.21862455
58.21319048
61.94160764
56.49408862
53.79406526
60.52511619
52.99178432
63.77315184
57.07697823
51.46077742
49.70513205
60.71844416
52.50841189
54.93887617
41.36076690
53.74686930
58.06345742
48.55139292
54.38720719
60.83955306
55.14331377
62.00180724
60.90390957
59.55838661
53.62338501
61.35054545
57.60415352
48.40334164
57.62265469
62.50077202
54.53308779
63.24459728
55.95141324
55.41966588
57.11065848
59.39655510
45.39001747
59.11570625
52.98113305
62.31411386
63.46359362
68.89823232
52.63475953
57.31668817
59.98931219
58.54578172
55.56704652
66.48116634
51.11684114
44.42738583
46.62996849
53.26791504
62.46974382
59.22021059
62.46527267
54.99380065
58.78554664
60.82352818
54.69081595
57.64036835
62.74419422
55.66226147
54.69392141
45.45248572
58.59245234
57.14884218
54.83485102
50.65474196
52.68118438
63.44291857
49.37339360
58.75902280
54.22864288
60.69806134
64.97763979
61.30120422
57.55353536
56.60251477
56.76497789
58.45967141
52.29580899
58.30180261
52.96753254
57.44245837
61.78578216
60.88548665
55.95686226
61.20572256
57.66101938
51.56974354
54.86085610
63.18338359
60.39293579
61.15616049
55.73243896
52.51092681
58.19991512
58.85530571
57.57232224
53.45113526
58.11323445
56.67744123
60.20033657
60.81706096
57.68407997
57.40886580
55.92683097
56.57803132
45.93800445
47.88361640
55.20820034
58.08454470
48.96359935
57.06987775
60.80064009
54.79052041
51.00329057
58.84819849
59.02404612
57.01653601
59.07584676
59.36004260
57.04437179
53.97978742
52.72426337
55.83386495
58.50525023
57.75688521
58.16565230
50.87338090
58.93902953
59.46292014
58.71755219
56.98048911
58.31757782
57.32810695
51.86280527
55.29607815
65.55435733
54.18769565
47.67075475
50.92090846
64.57871298
55.51543076
46.33732777
55.30393153
55.75182754
58.80139297
58.65220913
59.76717951
61.68406710
58.67303232
47.96671326
49.89925573
52.03712582
58.69331209
62.07058876
49.04922115
54.76237604
60.69806134
49.92853594
57.59755097
56.91526349
56.75124620
57.94507951
61.58490827
64.19812567
58.67241460
55.13027129
60.29316002
58.83383155
53.78595355
50.40336365
62.24484998
54.48944433
62.60318092
56.08420714
64.93379136
65.12163052
58.01142210
53.04559861
57.08912844
58.00728944
54.08726428
51.54500174
55.48674962
56.21490153
60.05069307
59.69414114
55.09868581
55.14969512
59.00559345
57.09174873
63.05043551
61.87290771
54.00232293
55.39546432
56.53310084
62.08978358
50.59725919
56.99111225
65.04942319
60.50031563
54.75090659
54.32126013
56.35746260
66.12551062
60.60467277
51.36744167
48.92586150
56.73087088
62.07832222
53.93442040
56.72436886
65.44308183
66.63361099
53.81247233
61.89930704
57.55072128
53.94578666
57.57868952
63.18049812
55.13027129
54.96440120
52.48320428
56.22886558
63.80570817
63.20702894
53.59958604
67.03799650
52.77399511
60.60442648
59.03954037
63.87110599
53.14821600
52.03732092
51.61893756
58.34639089
53.26404199
55.82967466
51.98874557
54.05101139
56.69751088
60.11876189
52.90171951
55.88715876
58.94024419
63.74746577
54.69797180
55.17853121
56.52931987
60.42953219
65.90373056
50.65474196
60.17378543
57.19537392
55.56396460
54.32660607
60.34339367
53.06292151
59.80222974
58.40748841
49.68969450
62.38900829
55.25339456
58.45365225
53.59824833
61.57219354
62.37268613
53.53250984
64.68854703
59.13742252
61.67793942
50.23016960
61.74280611
41.54876584
52.98404652
59.32907178
55.92306295
54.05101139
59.73420330
58.76751832
54.05951145
60.56991670
57.97762267
62.40755182
58.77715460
55.82344255
59.23889798
57.29970068
55.80016144
54.69255988
62.33534339
61.84987620
48.34430792
53.09768896
55.83185584
52.94369073
51.16187604
56.00390856
57.50031294
52.88603771
63.46435178
61.32861221
67.85640942
56.14105820
55.07992265
61.69843881
57.02348388
58.36076817
59.75468502
54.09007975
59.36052349
57.27795898
55.13628114
57.34712868
66.65818916
53.68114541
59.89791028
54.27161225
57.34274599
58.56252059
57.72736623
52.04157724
54.02069925
53.24294406
54.20490077
46.57950739
58.25633488
64.58502136
48.83972189
61.73877212
52.80990651
52.77090500
60.39179990
59.33202913
57.37003541
55.41362256
52.72340625
59.01329355
60.50464561
54.64975039
58.18753286
55.01498188
49.99072550
54.08438389
66.26456944
54.55008558
56.40886672
53.30977100
51.93755638
59.64112623
46.64463902
57.68856919
59.95915452
53.81929488
60.23512260
60.12397793
58.57232574
59.10217886
60.10533158
61.09108111
50.46310127
66.28336648
60.56016257
63.53547321
47.62190676
52.31612538
48.74939101
58.81727170
45.63990671
60.74668794
53.97904748
57.73636379
56.12631537
51.55439174
57.72353481
57.92999870
55.40747870
63.89261604
60.55190353
57.38848400
59.35192891
50.34907520
63.23349766
61.09461039
57.41096452
57.00715036
59.13169082
58.53173444
55.43753461
68.75849321
49.79709333
63.40428672
60.52640207
52.30041537
60.46043099
52.34706271
54.02602719
54.28804927
50.46181552
54.82008963
54.06246202
50.31700625
50.02921847
61.89419322
60.13405741
55.49410875
56.66613192
55.38258557
47.10775698
58.61507512
61.19196264
49.47924847
67.18419016
58.10836598
56.03327477
62.71207529
50.08596627
43.57267867
44.17643450
55.61176791
58.99225587
55.36510359
61.62878253
54.24977713
55.80902689
60.53555057
56.79296258
57.47869175
51.65254604
64.41601716
45.42274878
57.47869175
51.50533306
53.88009749
58.30045058
56.77164302
61.31282344
57.50337605
61.86631977
54.09545413
59.36816482
55.68571040
52.69082411
52.84383744
57.39971771
62.49419560
61.46620198
53.67611491
59.45363375
62.75111795
56.94059295
58.22572897
50.52472080
56.83933429
51.47248584
56.55262935
54.08844501
63.82954085
52.09354707
61.42675272
60.10192453
48.58662371
56.09456989
56.93878539
62.05856339
43.99754163
59.09202369
54.40382484
53.56335220
56.61591434
50.79934431
59.63942649
59.06795348
59.97870655
46.55330373
61.16800569
50.89145210
63.46509237
48.12890754
59.23783162
53.70661659
57.91579402
48.77303341
49.51775629
53.84276794
60.32050503
56.09595985
58.64166918
64.89184424
55.03492859
49.54506770
67.56376928
59.45298928
65.16064519
61.82605213
52.42927767
56.30297140
50.55800420
49.53352220
54.79749149
68.24718086
55.54354863
58.55663698
40.42884871
44.95714655
49.21337593
61.83627713
59.93479145
46.67989823
55.48130118
60.93331634
49.15563477
50.29832475
64.21404956
57.32378660
56.42215836
61.24673072
52.55188380
56.94243386
51.67579302
54.32666535
64.31435606
67.44963491
58.04110958
54.42903736
55.66368463
58.58535477
51.78099511
58.33938636
55.77221679
55.91153003
64.40829357
54.31004667
65.06852598
54.29925038
54.89925635
53.45121996
61.24673072
54.38777816
57.07021168
56.09456989
65.32012553
57.92802209
53.27398071
52.46192045
62.43045246
62.22039077
55.14229744
56.60612570
59.47415846
66.73114293
59.24389767
55.03692235
60.07718104
64.00063752
49.17840588
53.52586698
56.76520031
56.94104156
60.45781457
54.29925038
57.98358678
62.35004149
61.78845559
56.56991957
60.23758170
54.13438159
58.06626389
60.82604101
64.87732018
60.26439929
57.76346135
53.32830001
60.66668449
62.06287666
61.39671178
54.55579254
54.21248506
45.34632386
60.33570333
56.54563969
56.15117894
63.16949521
52.31103053
49.74692569
61.56084463
51.75141625
56.19979813
54.11321397
45.15781795
60.30327770
55.71218821
54.82891079
67.07160459
55.27014769
51.04175598
64.31996153
58.41512320
62.39190147
52.95967644
57.05659139
63.47398186
51.77874499
63.51503380
66.28709373
56.70353386
62.95878293
59.79964785
55.77408561
51.47229551
64.68120655
56.11698560
64.14453982
51.08420641
61.75521084
60.11574379
49.45149285
60.52511619
62.97202592
51.80300308
60.90169341
54.98944877
56.57800329
64.61381247
66.44242125
53.04099184
62.99202063
54.61827496
66.02513813
64.30538271
58.00650546
59.55997459
57.14021869
54.60398200
57.33341881
51.70166709
57.96148343
57.74445821
57.42195006
58.12573422
59.32907178
64.63189209
48.70651401
61.56275276
52.61836804
61.23335765
56.83933429
64.21146006
46.76598750
57.94298552
54.05795230
58.23716975
58.12688780
57.64036835
61.67025319
53.65842755
66.56128643
55.53665936
57.55749484
62.16682268
60.36448682
59.48666795
61.16707875
55.40747870
57.42195006
58.62287520
62.34386729
58.98806720
50.42216864
59.10252905
49.74692569
53.23541404
45.45583519
57.43531611
55.45769883
58.79984359
52.13109833
53.64785566
52.24553200
55.70063147
56.38713029
54.77066498
56.64627448
53.94270539
61.12657430
61.04962611
59.73318300
60.13941266
62.87913464
57.65380108
64.48815472
48.28268692
61.92272651
61.16840196
51.63658218
61.43977614
63.12967455
50.11016938
60.90390957
61.36600883
59.99922169
59.76631185
59.96139899
59.33471564
56.33488394
58.19109863
50.73940026
56.30695829
59.24453144
59.22528871
53.87727818
60.36289178
56.03642035
56.36055986
55.29669198
58.03520164
59.39305530
53.91113770
59.72862374
59.60398285
57.86992680
64.79522066
56.81926757
56.56723781
55.57865175
60.08338743
46.11746772
64.41034298
50.50003890
57.42983802
53.49228705
52.79336262
56.97020559
52.61938555
55.57164825
58.49975772
55.75075120
61.69766412
59.13034006
59.51313616
64.03473153
59.51654203
66.39027674
64.05257154
56.40835510
55.54028078
53.96386157
59.05743827
64.09153320
58.86026867
61.97870672
55.55933788
59.93686339
56.87474607
55.01498188
54.14074352
59.44583577
57.81192607
59.49654685
49.98837563
59.75594106
59.93022226
62.57202313
54.90136223
52.87065727
56.92773203
53.65946209
53.55373168
52.72832231
52.05030106
61.55934697
59.09912813
55.93321652
54.16870943
49.28506246
51.84856898
52.85030391
55.84225047
64.82878162
64.97155569
57.92505867
57.24025144
58.72652925
55.47418982
57.88115332
49.54805754
55.33028613
62.79128979
59.52922568
57.86264213
57.64556414
57.39487416
56.16258644
56.85196988
57.10743700
56.53027794
60.56918595
58.05001840
54.30973674
57.96178768
51.73891942
67.75864493
47.20565137
53.37583090
58.78437034
57.05118345
55.94783978
55.68571040
58.54262569
57.08855018
53.70299019
59.18967823
57.09638119
70.85830255
61.34289618
56.65469843
58.31484479
64.32245720
56.84163674
58.40762448
52.64870311
52.62927055
61.95530434
57.46446167
59.21528941
63.21859190
55.61074684
59.24656671
58.01622128
58.25951271
53.59162606
63.39582295
55.61897491
55.61598467
58.98902901
59.91993422
51.45274543
