61.75456013
55.79857875
61.51220778
58.60649756
58.88742890
56.39369202
64.53604466
60.04113461
58.31444156
61.70692515
55.17853121
60.74445306
57.98358678
58.42333742
53.83747389
56.88268870
65.66559446
67.07766402
59.80776107
54.87479932
54.47488253
44.78606346
52.04151106
57.15439947
62.85156724
47.73693988
53.93903668
60.61285129
58.00401972
62.18893291
56.70404690
57.77581579
64.96146309
59.47886428
72.32136014
65.01504834
68.79546001
68.06927208
53.74499202
63.25729938
55.90505651
57.27523821
54.34883406
58.75984108
55.45594938
64.95402318
47.91450081
57.75622723
56.09108018
56.67262519
56.48860640
61.24239474
53.95961143
51.83467583
55.06328266
43.44470333
59.69287143
56.06786668
51.85572160
45.38047439
59.59778109
57.79419818
52.55380066
59.48714338
51.86132028
58.20248599
52.82351299
59.91211174
55.63801869
52.55473962
49.24928966
53.17553498
65.30506395
59.22021059
62.27413534
59.24453144
60.19558782
57.23082589
54.67504905
49.23760303
54.20783058
50.67662342
59.61156573
56.08462101
58.00979648
55.84200364
62.23744777
64.37061929
58.52841968
51.72772597
60.80274826
55.22979123
55.76841030
59.30875770
45.04216525
50.38754037
51.67571477
57.53599940
54.44220989
54.05261744
