62.37121237
56.40985689
62.68838613
59.22839887
60.05891419
58.10902198
65.71553947
61.24161323
59.50428855
62.87739995
56.36528845
62.47769720
59.14488696
60.25019912
54.45719170
58.02003999
67.39669933
68.76336374
61.51712044
56.02229898
54.54333791
45.40295878
53.22213980
58.31658272
64.55361543
47.25006440
54.56529801
61.77603108
59.72400161
63.33310584
57.87147210
58.92876676
66.65999515
60.66632471
74.07700344
65.64352500
70.56419902
69.75880879
54.36245260
64.44285722
57.66672901
57.88223653
55.52679695
59.91186090
57.16632621
66.67986448
49.08530301
58.91717306
57.26513059
57.26918848
57.65161452
62.41911168
55.68692737
52.44717642
56.26303211
42.96118598
61.44027958
57.21177067
53.01723650
45.99355299
60.78122538
58.43969092
52.62337697
60.67526603
53.01505538
59.36818391
54.56661989
60.52563495
56.77225556
54.27868750
49.31959479
54.87460210
67.01926118
60.40049203
64.02171579
60.98566836
60.84151578
58.97584558
55.28327486
49.86592018
54.81164927
51.29985091
60.77851192
57.25802428
58.63019388
56.98555558
63.99259616
66.10261421
60.23716562
52.91434627
62.51251574
55.83144104
56.36924073
60.46499317
44.55855986
50.45591479
51.74475295
59.27601696
55.60446477
54.66422398
51.62705177
54.41106800
54.73715192
55.09389292
57.27688865
56.71858511
56.77326534
63.62758196
67.86514445
56.73915614
55.65309962
54.57104929
61.65408171
45.88622050
51.55795129
54.22110256
51.98183244
61.62079273
50.57646932
63.88208491
57.74982739
54.12018343
60.38515650
51.68682290
60.74378168
65.63277417
62.72282679
53.67528395
57.46438081
63.84985399
56.67646531
62.14917523
66.11075384
55.12800672
49.55590757
57.16632621
61.97356981
56.32425304
58.89951026
63.77589960
54.32909264
60.62200840
56.93586647
59.79382590
58.69267124
64.26715924
50.58001811
62.44500861
58.02730459
58.31539984
54.49378067
56.90915112
55.81905262
64.48974151
50.31786718
62.88349196
62.77981455
57.03708985
53.01077985
53.47904661
59.52551538
52.38003706
59.36101959
63.67802794
58.21568398
54.94015899
61.71065441
53.61296354
64.91606533
57.71010266
53.17368542
50.31924926
61.89753888
53.14140677
55.55585560
40.88248463
54.36819476
59.23650176
49.16816043
53.91151085
61.45910785
56.29552192
63.15875180
62.08842397
60.19204598
54.79029346
63.07164869
58.77647468
49.01597729
58.80170012
63.11670661
55.68004793
64.94300232
57.64336850
56.03489595
58.32795307
61.13567285
45.45891557
60.28754735
53.60983432
63.49215446
64.64465719
70.59882914
53.80037733
57.94740728
61.16823398
60.28435502
56.74601660
68.21264670
52.28060262
44.49686815
46.15608717
54.44091348
63.66973184
59.84430919
63.07244071
55.61066035
59.41285667
62.00214699
55.32750212
59.37165045
64.48335891
57.37819895
56.40021816
44.42882910
60.33683532
58.29533333
55.44581057
50.72409375
53.87764664
64.62618982
48.88576616
60.48913617
55.37940134
61.30590625
66.16066662
62.47420959
58.71137502
56.67150276
56.83424200
59.60063521
54.00194230
60.01003201
54.69294305
58.06271710
63.57615710
62.57513337
56.57056552
62.95852014
59.38021076
51.63834366
55.48330879
64.37497375
61.57697793
62.84018336
56.35546701
52.58063205
59.37987415
60.04275615
58.19878310
54.05688063
59.27132596
58.38514573
61.89832334
62.57040807
58.30774239
58.59434205
57.65692772
58.27187656
46.00712830
48.50725190
55.82111066
59.82204777
50.68113863
57.70264690
61.99835171
56.53166746
51.61375826
60.56872645
60.70644496
58.19206100
60.77718344
61.08825847
57.66732663
55.14130005
52.79476037
56.98777730
59.65902150
59.44533661
59.29137183
52.04531139
60.12402024
60.66746806
59.87968159
57.61458065
60.01403502
59.01827138
51.93195542
57.04418300
66.72967158
55.91461502
47.73977126
52.07126108
66.25344063
55.58332991
46.40756884
56.47323046
56.89192297
60.48329407
59.82744840
61.43541502
62.83049680
59.87398616
49.13536471
50.50925490
51.55432124
59.84890876
62.67904436
49.67649967
55.37903923
61.30590625
50.54770515
58.77944928
58.05057804
57.90721504
59.10787624
63.26325320
65.90492127
59.83540787
56.31175831
62.00132894
60.62277274
54.41363038
50.47384380
63.39271900
55.67703486
63.79323069
57.24626398
66.67217344
66.84322162
59.17996100
54.22756315
58.77695824
58.61990935
55.26159671
52.15267691
56.65729124
57.89672575
61.73227689
60.83368423
55.72492059
55.77222574
60.20079793
58.82552033
64.72582161
63.01391754
54.07312191
56.00935417
57.67380759
63.84700072
51.22419612
58.73461323
66.20172874
61.11529827
55.36689572
55.47616928
57.52971169
67.85436374
61.80043179
52.53414351
50.08316887
57.36109002
63.81176407
54.00227945
57.88837423
66.61823099
68.37759513
53.87987233
63.07164869
58.18163958
55.66046253
58.74372493
64.34694312
56.31175831
56.63321306
53.66004344
57.39964143
65.50623332
64.89198474
54.22264876
68.73290967
53.38386067
61.22780931
60.72374836
65.54869237
53.21569605
53.74976151
52.23740476
58.96673344
54.97988194
56.97199926
52.05849494
55.21420438
57.85897626
60.73392750
53.52063004
57.62853032
59.58727401
64.36324247
54.76715214
55.24859123
57.69083199
60.49885630
67.63210272
51.82951425
61.87487357
58.37695411
56.17472057
54.94456452
61.51115420
53.69325783
60.95829834
60.14290503
49.75807421
63.55364037
55.87856480
59.07880829
54.23699508
62.76848108
63.54354431
54.70243720
66.41011516
60.80775512
62.31023552
50.29873150
63.48160387
41.07100205
53.05379803
60.48257608
55.99273681
55.21420438
60.93751644
60.46499317
55.75429838
61.71017862
59.11486102
63.59568064
59.41684623
55.89391184
61.03483896
58.48565126
56.42375608
55.32223574
62.94739411
62.99294578
48.96528276
54.22706794
56.99695537
54.13562408
52.35280687
56.62920889
59.20579611
54.04672345
63.53326499
62.47662413
69.57379112
56.75262218
56.79357016
62.88774148
58.75568160
60.11902683
60.38229047
55.80001275
61.07575123
58.44629013
55.76135083
58.53218219
68.34388867
53.75218837
61.05289676
54.88620077
57.97193122
59.75406885
58.88578596
53.76757743
55.77977622
54.44334591
55.37274920
45.53825187
59.96583351
66.30222833
50.01886899
62.91529764
53.99964217
53.39290845
61.53089959
60.49885630
58.54675991
57.10029974
53.33782851
60.70726977
61.15374828
54.72055403
59.35195613
55.64650221
50.06058306
54.71249315
67.96096592
56.28970360
57.03434144
53.92502820
52.55362447
61.36951721
45.62473196
58.84847786
60.59525135
54.98211476
61.97379932
61.29611941
59.18054416
60.26397061
61.83571659
62.81391603
51.08853894
68.07652395
61.75683788
65.29741286
48.79445858
54.01452311
48.81855339
59.44598023
46.26029934
61.37786780
54.04883858
59.45805033
57.29819611
52.17720040
58.34638458
59.66951146
55.47680168
65.62589024
62.28236776
58.56173382
59.97210003
52.07613970
64.99862800
62.27269101
59.18064047
58.72159357
60.30482258
59.72552744
56.04446140
70.54968485
51.51762160
64.56425183
62.23600711
52.93569463
62.12801392
53.52110991
55.17953927
55.45225109
52.17184175
55.44014530
54.68917409
50.92819016
50.64064451
63.07766396
61.85519537
56.68366577
58.32660146
57.13523622
47.17751530
59.23985642
62.85767043
49.54942135
68.35718723
59.28529982
57.73720308
64.43205960
50.15623911
43.64154043
44.78379595
56.24085376
60.69023789
55.98045301
63.39657437
55.95778513
57.50471384
62.22844360
57.98527984
59.19607286
52.80070646
66.13745025
46.05369202
59.19607286
52.12895141
53.95043617
59.47450214
57.94012016
63.04735505
58.68706072
63.04018923
54.70972764
61.09733462
56.84744804
53.84838614
53.47537645
58.56887103
63.65495828
63.14340917
54.82845174
60.62127614
63.92160676
58.10902198
59.93836974
50.04057390
58.00886517
51.54235649
57.69517262
55.28392882
64.99914414
53.25607821
63.14433554
61.78317974
49.20815682
57.27471041
58.09659294
63.22675036
44.60819814
60.83518381
56.11865731
54.73715192
58.33872559
51.95850099
60.82616677
60.78805680
61.72010959
47.17572884
62.88731366
51.49711027
65.16397767
49.84344743
59.85790867
54.32909264
59.07605672
48.84253933
50.13054857
55.01542637
62.01966210
57.23719196
59.80212799
66.60286892
56.18758012
49.61310346
69.29155295
61.13457319
66.88094108
63.52314529
53.05628393
56.92294300
50.62634011
50.67154570
55.95501707
70.05933070
56.17205774
59.70105767
41.04727673
45.02534868
49.82474520
63.59629268
60.55145405
47.29017293
56.66335638
62.12827783
50.33890135
51.47250179
65.40073869
59.02069222
56.48919950
62.40039534
53.74680170
57.56597992
52.87289664
54.94113544
66.01239015
69.12778550
58.66036250
56.10101481
56.29892310
59.21386855
51.85099230
59.50248557
55.84237233
56.52883323
66.11463982
54.92699027
66.83342118
55.45815579
55.52738214
54.06444964
61.85678247
56.11941538
58.21962249
57.83262562
67.05888689
59.67467626
54.99170475
54.14351560
64.16047533
63.92966385
56.32509763
57.23884614
60.64782350
67.35073605
60.40373693
56.75278309
61.75573422
65.71886118
49.79255705
54.67366938
58.50912422
58.72645366
62.15999039
56.00599670
59.14488696
62.97031915
63.49268442
57.72993950
60.85747841
55.29395717
59.22987347
62.01723899
66.63504202
61.43455059
58.92504041
55.06736622
61.85861174
63.22763826
63.10552404
55.73763958
55.90446572
45.41603585
60.95071667
57.17225654
57.86409787
64.33873411
52.38003706
49.81529261
62.73266996
51.27543217
56.26745589
55.29758141
45.22722284
60.93253892
56.85948101
55.99618453
68.83803227
56.46691420
52.23248439
65.49627774
60.11677771
64.11811437
53.02923541
58.20476258
64.65219473
52.40073016
65.23356942
68.02938056
57.88723360
64.14292116
60.98566836
57.53349472
52.10314172
65.30085040
57.29363173
64.75398278
51.71226978
62.88833626
61.87277112
50.06340106
61.15199371
64.67524117
53.01074397
62.63388725
55.61268997
57.77756930
65.77835449
68.12766645
54.19200368
63.61549170
55.23315787
67.76826630
65.44519905
59.18937552
60.73599602
58.28096140
55.75257987
58.49153386
52.31273832
59.10198630
59.44549390
59.13182871
59.29445216
61.02781246
66.34371832
48.77591815
63.21764610
53.25517306
62.94226187
58.00886517
65.87716735
47.93132365
59.69159025
54.66989093
59.42526499
59.84114295
58.81592531
62.85756862
55.41564895
68.23107293
56.71848089
58.73069411
62.78645378
62.12402212
61.22315752
62.90977370
56.02837168
59.13182871
59.80510892
64.12707036
60.71870736
51.58667609
60.83343217
49.81529261
54.41931508
46.07520793
58.05523388
57.24101941
59.95961717
53.27423249
53.16023181
52.87654153
57.46670541
57.55122919
55.36832144
57.77702628
55.64677890
62.82437000
62.77981455
60.90094393
61.31697196
64.05803583
58.82052185
66.23073187
48.89488464
63.65722533
62.99874655
52.26134286
62.56599583
64.29635485
49.63972899
62.64837866
63.08299548
61.65758250
60.93663856
61.72679827
60.46748118
58.04179630
59.33707490
51.36854547
57.46874319
60.42677791
60.99140942
54.49585551
61.51981556
57.19933861
57.54435623
57.03570924
59.75201460
61.09919739
54.52099193
59.79654987
61.36757610
59.57991639
66.48403650
57.43950645
57.70082882
57.30792800
60.69934665
46.18655316
66.16080895
52.15979614
59.12608236
55.22936569
54.50715083
58.15207106
53.24742259
57.29108607
59.68115375
57.45448080
63.42047058
60.27684464
61.20778536
65.21030356
60.14842698
67.56999198
65.22250838
57.56905371
57.24626398
54.57703409
60.76967890
65.77928219
60.02044547
63.68562527
55.62819056
61.05450869
58.05839664
55.64650221
55.32841603
60.63065463
58.99772082
60.63758626
51.14807345
60.36319073
60.55120376
63.77514764
56.07033183
53.49564489
58.10025239
54.80291107
54.17760577
53.34725064
53.20651368
62.75070947
60.78391358
57.10860926
54.77699521
49.89798082
52.47146585
53.46967404
57.00267754
66.56271780
66.69420205
59.62786901
58.99442123
59.89398450
57.18737522
59.06803187
50.70110293
55.93440104
63.91599836
61.22571026
57.93115805
59.34819106
58.00229185
56.23232104
58.01212228
58.29145988
57.14167649
62.32004587
59.21704591
54.93375383
59.72786793
52.90024337
69.44049764
47.82610879
54.53325451
59.94288236
58.74882217
57.10193146
56.84744804
60.23959227
58.80641822
54.32904635
60.91098640
57.16292691
72.60473604
63.08646510
57.85041361
60.06001283
65.47279039
58.03864631
60.10158345
52.71763043
53.81022423
63.64374263
59.17996100
60.37725578
63.84040111
56.79430573
61.00835393
58.62673216
59.45451461
53.65986965
65.08340068
56.21483694
56.75918380
59.60327317
61.70047461
52.61454213
