62.37121237
56.40985689
62.68838613
59.22839887
60.05891419
58.10902198
65.71553947
61.24161323
59.50428855
62.87739995
56.36528845
62.47769720
59.14488696
60.25019912
54.45719170
58.02003999
67.39669933
68.76336374
61.51712044
56.02229898
54.54333791
45.40295878
53.22213980
58.31658272
64.55361543
47.25006440
54.56529801
61.77603108
59.72400161
63.33310584
57.87147210
58.92876676
66.65999515
60.66632471
74.07700344
65.64352500
70.56419902
69.75880879
54.36245260
64.44285722
57.66672901
57.88223653
55.52679695
59.91186090
57.16632621
66.67986448
49.08530301
58.91717306
57.26513059
57.26918848
57.65161452
62.41911168
55.68692737
52.44717642
56.26303211
42.96118598
61.44027958
57.21177067
53.01723650
45.99355299
60.78122538
58.43969092
52.62337697
60.67526603
53.01505538
59.36818391
54.56661989
60.52563495
56.77225556
54.27868750
49.31959479
54.87460210
67.01926118
60.40049203
64.02171579
60.98566836
60.84151578
58.97584558
55.28327486
49.86592018
54.81164927
51.29985091
60.77851192
57.25802428
58.63019388
56.98555558
63.99259616
66.10261421
60.23716562
52.91434627
62.51251574
55.83144104
56.36924073
60.46499317
44.55855986
50.45591479
51.74475295
59.27601696
55.60446477
54.66422398
